40.57125 9.803749999999999 2.1124611564341627
40.57125 9.765 2.118659858296732
40.61 9.765 2.116228316413699
40.57125 9.765 2.109957966093663
40.57125 9.765 2.1062158687315224
40.61 9.765 2.109957966093663
40.57125 9.765 2.1062158687315224
40.57125 9.765 2.118659858296732
40.61 9.765 2.109957966093663
40.57125 9.765 2.109957966093663
40.57125 9.803749999999999 2.1248120225962093
40.57125 9.765 2.109957966093663
40.57125 9.765 2.1149149470611635
40.57125 9.765 2.118659858296732
40.57125 9.765 2.1149149470611635
40.57125 9.803749999999999 2.118659858296732
40.57125 9.765 2.118659858296732
40.57125 9.765 2.1248120225962093
40.57125 9.765 2.109957966093663
40.57125 9.803749999999999 2.118659858296732
40.57125 9.765 2.1124611564341627
40.57125 9.72625 2.1062158687315224
40.57125 9.765 2.118659858296732
40.57125 9.765 2.118659858296732
40.57125 9.765 2.1149149470611635
40.61 9.803749999999999 2.1124611564341627
40.57125 9.765 2.109957966093663
40.61 9.765 2.0999239607191678
40.57125 9.765 2.1248120225962093
40.57125 9.765 2.1149149470611635
40.57125 9.803749999999999 2.118659858296732
40.57125 9.765 2.1149149470611635
40.57125 9.765 2.109957966093663
40.57125 9.765 2.109957966093663
40.57125 9.765 2.1062158687315224
40.57125 9.765 2.1062158687315224
40.61 9.765 2.116228316413699
40.61 9.765 2.109957966093663
40.57125 9.803749999999999 2.118659858296732
40.61 9.765 2.116228316413699
40.61 9.765 2.1036402144142854
40.57125 9.765 2.1062158687315224
40.57125 9.765 2.109957966093663
40.57125 9.765 2.109957966093663
40.57125 9.765 2.118659858296732
40.61 9.765 2.109957966093663
40.57125 9.765 2.1248120225962093
40.57125 9.765 2.118659858296732
40.61 9.765 2.116228316413699
40.61 9.765 2.0999239607191678
40.57125 9.765 2.1149149470611635
40.57125 9.765 2.1062158687315224
40.61 9.765 2.1062158687315224
40.57125 9.765 2.1025203940537023
40.57125 9.765 2.109957966093663
40.61 9.765 2.1036402144142854
40.61 9.765 2.116228316413699
40.57125 9.803749999999999 2.118659858296732
40.57125 9.765 2.118659858296732
40.57125 9.765 2.1062158687315224
40.57125 9.765 2.1062158687315224
40.57125 9.765 2.1149149470611635
40.57125 9.765 2.118659858296732
40.57125 9.765 2.1062158687315224
40.61 9.765 2.116228316413699
40.57125 9.765 2.1062158687315224
40.61 9.765 2.1062158687315224
40.57125 9.765 2.118659858296732
40.57125 9.765 2.109957966093663
40.61 9.765 2.116228316413699
40.57125 9.765 2.1062158687315224
40.57125 9.765 2.1149149470611635
40.57125 9.803749999999999 2.1248120225962093
40.57125 9.765 2.1062158687315224
40.57125 9.765 2.118659858296732
40.57125 9.765 2.1149149470611635
40.61 9.765 2.109957966093663
40.57125 9.803749999999999 2.118659858296732
40.61 9.765 2.1036402144142854
40.57125 9.765 2.1062158687315224
40.61 9.765 2.109957966093663
40.61 9.765 2.116228316413699
40.57125 9.765 2.118659858296732
40.57125 9.765 2.109957966093663
40.57125 9.765 2.1149149470611635
40.57125 9.765 2.118659858296732
40.57125 9.765 2.1149149470611635
40.57125 9.765 2.109957966093663
40.57125 9.765 2.1149149470611635
40.61 9.765 2.1036402144142854
40.57125 9.765 2.1149149470611635
40.61 9.765 2.109957966093663
40.57125 9.765 2.118659858296732
40.57125 9.765 2.109957966093663
40.57125 9.765 2.109957966093663
40.57125 9.803749999999999 2.118659858296732
40.57125 9.765 2.118659858296732
40.57125 9.765 2.118659858296732
40.57125 9.765 2.118659858296732
40.57125 9.765 2.118659858296732
40.61 9.765 2.1036402144142854
40.57125 9.765 2.1149149470611635
40.57125 9.765 2.1062158687315224
40.57125 9.765 2.1149149470611635
40.57125 9.765 2.118659858296732
40.57125 9.765 2.1149149470611635
40.61 9.765 2.1062158687315224
40.57125 9.765 2.1149149470611635
40.57125 9.765 2.118659858296732
40.57125 9.765 2.1149149470611635
40.61 9.803749999999999 2.109957966093663
40.57125 9.765 2.118659858296732
40.57125 9.765 2.109957966093663
40.57125 9.765 2.118659858296732
40.57125 9.765 2.109957966093663
40.57125 9.765 2.1025203940537023
40.61 9.765 2.109957966093663
40.57125 9.765 2.118659858296732
40.57125 9.765 2.109957966093663
40.57125 9.765 2.109957966093663
40.57125 9.765 2.118659858296732
40.57125 9.765 2.1062158687315224
40.57125 9.765 2.109957966093663
40.57125 9.765 2.109957966093663
40.57125 9.765 2.108740584595867
40.61 9.765 2.116228316413699
40.57125 9.765 2.1062158687315224
40.57125 9.765 2.1149149470611635
40.57125 9.765 2.1248120225962093
40.57125 9.765 2.1062158687315224
40.57125 9.765 2.1149149470611635
40.57125 9.765 2.118659858296732
40.57125 9.765 2.1025203940537023
40.57125 9.765 2.1248120225962093
40.57125 9.765 2.118659858296732
40.57125 9.765 2.1248120225962093
40.57125 9.765 2.118659858296732
40.57125 9.765 2.118659858296732
40.57125 9.765 2.1149149470611635
40.57125 9.765 2.1149149470611635
40.57125 9.765 2.1062158687315224
40.57125 9.765 2.118659858296732
40.57125 9.765 2.1062158687315224
40.57125 9.765 2.109957966093663
40.61 9.803749999999999 2.1124611564341627
40.61 9.765 2.0999239607191678
40.57125 9.765 2.1149149470611635
40.57125 9.765 2.1149149470611635
40.57125 9.765 2.109957966093663
40.57125 9.765 2.1149149470611635
40.57125 9.765 2.1248120225962093
40.57125 9.765 2.109957966093663
40.57125 9.803749999999999 2.118659858296732
40.61 9.765 2.109957966093663
40.57125 9.765 2.1149149470611635
40.61 9.765 2.1062158687315224
40.57125 9.765 2.109957966093663
40.57125 9.765 2.109957966093663
40.57125 9.803749999999999 2.118659858296732
40.57125 9.765 2.118659858296732
40.57125 9.765 2.1149149470611635
40.57125 9.803749999999999 2.1248120225962093
40.57125 9.765 2.1149149470611635
40.57125 9.765 2.1062158687315224
40.57125 9.765 2.109957966093663
40.61 9.765 2.116228316413699
40.57125 9.765 2.109957966093663
40.57125 9.765 2.118659858296732
40.61 9.765 2.116228316413699
40.57125 9.765 2.1248120225962093
40.57125 9.765 2.118659858296732
40.57125 9.765 2.1248120225962093
40.57125 9.803749999999999 2.1248120225962093
40.57125 9.765 2.118659858296732
40.57125 9.765 2.1149149470611635
40.61 9.765 2.116228316413699
40.57125 9.765 2.109957966093663
40.57125 9.765 2.118659858296732
40.61 9.765 2.109957966093663
40.57125 9.765 2.109957966093663
40.57125 9.765 2.118659858296732
40.57125 9.765 2.1248120225962093
40.57125 9.765 2.1149149470611635
40.57125 9.765 2.109957966093663
40.57125 9.803749999999999 2.118659858296732
40.57125 9.765 2.118659858296732
40.57125 9.765 2.109957966093663
40.57125 9.765 2.1062158687315224
40.57125 9.765 2.1224513093234436
40.57125 9.765 2.1149149470611635
40.57125 9.765 2.1248120225962093
40.57125 9.765 2.118659858296732
40.57125 9.765 2.1149149470611635
40.61 9.765 2.109957966093663
40.61 9.765 2.0999239607191678
40.61 9.765 2.1036402144142854
40.57125 9.765 2.109957966093663
40.57125 9.765 2.1149149470611635
40.61 9.765 2.109957966093663
40.61 9.765 2.1036402144142854