-4 -3
-15 -4
-31 -27
-62 -68
-102 -97
-122 -129
-146 -145
-169 -161
-176 -183
-184 -192
-184 -191
-170 -183
-168 -179
-179 -186
-187 -180
-192 -163
-185 -158
-171 -153
-162 -181
-154 -208
-174 -212
-188 -207
-197 -195
-216 -178
-214 -161
-214 -162
-204 -173
-185 -172
-170 -206
-175 -215
-191 -204
-208 -201
-216 -176
-198 -161
-181 -171
-177 -190
-178 -210
-185 -212
-197 -202
-198 -194
-202 -185
-210 -176
-209 -195
-199 -186
-178 -199
-166 -216
-169 -196
-173 -201
-173 -201
-203 -199
-213 -200
-222 -198
-223 -189
-211 -184
-210 -175
-201 -186
-195 -193
-175 -186
-165 -212
-174 -210
-182 -222
-213 -226
-223 -208
-216 -202
-220 -193
-204 -186
-193 -176
-183 -187
-180 -189
-191 -185
-191 -206
-200 -204
-210 -210
-200 -212
-196 -196
-193 -202
-184 -192
-188 -195
-210 -197
-202 -178
-196 -198
-196 -195
-188 -201
-205 -192
-204 -184
-192 -209
-196 -201
-192 -218
-210 -205
-215 -193
-196 -185
-205 -188
-195 -196
-198 -195
-211 -222
-211 -213
-206 -216
-214 -219
-211 -199
-205 -189
-207 -188
-193 -174
-186 -183
-181 -181
-183 -176
-185 -186
-192 -182
-196 -196
-194 -202
-208 -202
-210 -201
-202 -206
-202 -206
-211 -207
-206 -220
-202 -226
-197 -217
-199 -217
-196 -210
-200 -204
-208 -205
-209 -194
-207 -187
-211 -188
-210 -207
-203 -211
-203 -209
-201 -208
-200 -189
-202 -195
-202 -204
-210 -203
-209 -213
-198 -210
-187 -197
-172 -193
-184 -186
-190 -187
-203 -189
-215 -192
-208 -206
-200 -193
-183 -201
-185 -191
-183 -188
-199 -208
-221 -197
-213 -216
-206 -195
-189 -200
-186 -209
-187 -203
-201 -215
-212 -197
-208 -198
-205 -184
-207 -199
-211 -203
-217 -209
-223 -222
-201 -206
-176 -200
-160 -189
-168 -187
-187 -178
-203 -195
-223 -205
-210 -201
-203 -210
-196 -203
-198 -194
-201 -202
-202 -196
-205 -201
-202 -193
-203 -192
-202 -193
-202 -193
-196 -200
-185 -211
-182 -206
-177 -222
-194 -212
-213 -208
-213 -214
-225 -197
-225 -178
-213 -189
-215 -188
-200 -195
-179 -208
-174 -205
-182 -205
-191 -203
-205 -197
-215 -187
-201 -180
-190 -188
-193 -195
-189 -193
-187 -213
-206 -198
-201 -206
-204 -198
-216 -190
-204 -197
-192 -193
-191 -213
-190 -208
-196 -216
-211 -209
-206 -198
-201 -198
-204 -189
-209 -202
-207 -201
-208 -208
-191 -218
-182 -206
-189 -196
-191 -190
-210 -177
-216 -186
-201 -190
-196 -187
-187 -212
-182 -220
-199 -227
-206 -230
-213 -218
-217 -199
-203 -205
-196 -208
-194 -207
-199 -211
-200 -208
-213 -196
-213 -188
-212 -189
-218 -195
-211 -203
-211 -203
-199 -201
-183 -190
-171 -185
-179 -189
-186 -193
-209 -204
-225 -209
-210 -199
-203 -204
-190 -211
-191 -203
-204 -201
-204 -182
-191 -181
-198 -180
-186 -202
-194 -205
-207 -203
-203 -203
-205 -197
-211 -211
-218 -196
-210 -200
-206 -180
-195 -180
-180 -167
-174 -160
-187 -194
-188 -214
-207 -245
-216 -256
-200 -221
-202 -206
-189 -195
-193 -194
-202 -216
-221 -203
-231 -195
-216 -192
-209 -180
-188 -176
-174 -187
-189 -197
-195 -208
-198 -224
-202 -220
-206 -205
-205 -207
-214 -200
-212 -208
-196 -208
-190 -192
-184 -180
-178 -174
-180 -179
-191 -171
-196 -188
-220 -203
-221 -213
-206 -229
-188 -222
-178 -209
-181 -185
-203 -164
-203 -164
-220 -161
-205 -167
-203 -173
-191 -207
-193 -226
-196 -236
-206 -239
-213 -234
-197 -215
-201 -185
-198 -190
-199 -177
-204 -191
-205 -208
-199 -220
-199 -220
-203 -200
-207 -200
-197 -191
-192 -187
-191 -201
-194 -193
-197 -194
-200 -199
-199 -200
-197 -199
-209 -196
-206 -202
-198 -202
-193 -208
-192 -195
-192 -198
-210 -186
-215 -200
-202 -204
-195 -205
-190 -205
-192 -191
-202 -202
-219 -199
-220 -204
-217 -204
-212 -208
-210 -208
-204 -202
-189 -193
-177 -185
-163 -175
-173 -193
-197 -197
-211 -203
-225 -214
-219 -202
-213 -202
-219 -198
-213 -185
-206 -196
-194 -211
-187 -206
-178 -196
-180 -197
-186 -193
-195 -194
-195 -194
-204 -209
-218 -197
-224 -196
-206 -194
-200 -205
-194 -198
-180 -201
-183 -190
-191 -188
-188 -196
-205 -195
-216 -226
-211 -217
-204 -213
-187 -217
-192 -191
-193 -187
-200 -202
-214 -193
-210 -207
-208 -229
-203 -208
-188 -207
-172 -191
-185 -169
-186 -174
-198 -175
-219 -199
-199 -217
-208 -230
-215 -227
-211 -198
-216 -185
-205 -170
-191 -175
-184 -179
-188 -198
-201 -212
-199 -219
-198 -233
-198 -218
-193 -192
-202 -189
-201 -190
-191 -193
-198 -212
-196 -211
-193 -200
-204 -197
-192 -203
-202 -192
-216 -195
-213 -198
-205 -182
-193 -200
-192 -191
-203 -201
-207 -211
-201 -203
-191 -207
-191 -198
-194 -195
-193 -180
-199 -198
-199 -198
-186 -197
-202 -198
-205 -210
-209 -204
-224 -203
-206 -203
-199 -191
-184 -191
-184 -192
-193 -196
-203 -205
-218 -206
-216 -214
-211 -210
-206 -202
-192 -193
-174 -187
-173 -169
-191 -188
-199 -205
-221 -211
-219 -222
-198 -210
-195 -203
-189 -183
-197 -196
-206 -194
-214 -202
-210 -223
-206 -223
-211 -237
-205 -214
-206 -200
-209 -185
-190 -178
-171 -177
-176 -190
-180 -195
-209 -203
-235 -211
-224 -185
-219 -197
-203 -194
-201 -194
-207 -224
-207 -218
-196 -207
-187 -190
-172 -189
-168 -182
-188 -189
-190 -208
-211 -209
-209 -208
-197 -200
-213 -202
-210 -189
-216 -193
-218 -206
-213 -199
-208 -202
-201 -201
-187 -204
-187 -204
-181 -216
-182 -210
-187 -201
-203 -183
-210 -186
-214 -187
-212 -192
-200 -199
-181 -194
-171 -189
-176 -198
-177 -189
-193 -189
-196 -213
-209 -207
-217 -219
-213 -212
-215 -203
-196 -209
-185 -203
-191 -195
-182 -187
-195 -183
-202 -198
-200 -206
-215 -213
-201 -217
-214 -194
-211 -195
-203 -189
-207 -194
-196 -206
-185 -212
-194 -224
-202 -207
-197 -196
-198 -194
-194 -180
-188 -179
-195 -199
-206 -203
-189 -208
-200 -205
-195 -196
-196 -183
-193 -190
-191 -186
-196 -184
-200 -208
-212 -209
-211 -223
-214 -224
-198 -209
-204 -188
-199 -194
-198 -187
-200 -196
-198 -205
-201 -209
-199 -215
-205 -204
-213 -213
-217 -209
-221 -210
-221 -210
-221 -213
-211 -203
-191 -193
-180 -181
-176 -175
-161 -184
-175 -179
-184 -195
-184 -187
-206 -182
-218 -205
-221 -218
-215 -224
-217 -227
-207 -215
-204 -200
-211 -199
-203 -194
-194 -179
-195 -184
-196 -189
-178 -200
-187 -213
-189 -208
-195 -207
-216 -200
-207 -201
-206 -196
-210 -196
-203 -204
-209 -201
-202 -204
-185 -205
-183 -201
-191 -196
-191 -187
-202 -194
-205 -182
-193 -190
-210 -197
-210 -191
-205 -210
-197 -206
-186 -208
-186 -196
-191 -192
-211 -190
-204 -189
-212 -209
-222 -195
-219 -211
-218 -204
-198 -198
-180 -202
-175 -201
-189 -203
-192 -198
-207 -202
-208 -189
-191 -194
-203 -190
-203 -186
-194 -203
-194 -203
-211 -209
-211 -217
-212 -230
-217 -224
-214 -214
-206 -215
-199 -199
-190 -196
-178 -201
-177 -196
-183 -189
-188 -189
-207 -183
-208 -175
-203 -193
-213 -201
-210 -199
-212 -218
-214 -212
-206 -202
-198 -213
-189 -207
-185 -199
-194 -185
-201 -182
-209 -175
-219 -192
-210 -212
-205 -211
-194 -218
-171 -205
-174 -200
-175 -185
-190 -186
-216 -186
-219 -197
-219 -202
-218 -211
-200 -212
-198 -207
-192 -218
-193 -204
-198 -193
-204 -187
-211 -192
-213 -197
-213 -221
-198 -225
-176 -212
-169 -207
-183 -190
-196 -177
-216 -178
-222 -192
-215 -196
-214 -214
-206 -218
-193 -199
-176 -197
-158 -186
-172 -184
-182 -198
-194 -200
-223 -201
-223 -201
-206 -216
-218 -205
-214 -197
-196 -197
-195 -178
-191 -185
-191 -190
-190 -194
-203 -210
-196 -213
-202 -213
-216 -205
-216 -198
-211 -179
-201 -189
-186 -186
-179 -182
-186 -202
-203 -193
-212 -198
-205 -217
-208 -220
-205 -232
-208 -223
-220 -188
-217 -180
-201 -166
-176 -192
-164 -223
-171 -219
-189 -212
-213 -201
-231 -180
-223 -189
-219 -193
-212 -193
-200 -221
-179 -213
-176 -230
-184 -228
-185 -205
-210 -206
-212 -199
-196 -196
-198 -193
-195 -190
-186 -173
-202 -177
-211 -181
-198 -197
-199 -219
-197 -212
-189 -211
-202 -205
-216 -190
-204 -194
-201 -199
-199 -193
-195 -203
-198 -195
-191 -195
-194 -189
-191 -191
-191 -191
-199 -195
-220 -211
-213 -215
-202 -222
-193 -229
-194 -205
-196 -207
-199 -192
-216 -190
-212 -191
-207 -172
-215 -190
-207 -196
-201 -197
-203 -212
-188 -201
-172 -190
-179 -200
-187 -202
-202 -196
-226 -205
-220 -194
-214 -208
-211 -216
-206 -200
-199 -207
-199 -199
-192 -200
-183 -206
-180 -190
-183 -176
-180 -172
-196 -190
-208 -203
-204 -223
-215 -221
-203 -195
-197 -196
-194 -175
-184 -181
-192 -198
-195 -205
-193 -216
-203 -214
-191 -194
-198 -190
-191 -178
-195 -184
-198 -199
-198 -194
-208 -216
-209 -221
-210 -216
-187 -209
-198 -205
-198 -197
-207 -201
-226 -208
-224 -196
-220 -196
-213 -185
-189 -193
-176 -201
-167 -201
-167 -201
-176 -215
-199 -210
-214 -190
-216 -189
-206 -189
-205 -197
-199 -211
-203 -187
-194 -193
-189 -195
-195 -190
-191 -212
-208 -190
-208 -182
-195 -205
-202 -217
-201 -224
-205 -227
-200 -218
-199 -190
-194 -189
-189 -194
-204 -188
-212 -194
-205 -212
-204 -199
-199 -203
-200 -210
-206 -192
-209 -197
-197 -191
-172 -196
-180 -210
-187 -199
-206 -200
-222 -196
-217 -181
-221 -203
-213 -203
-217 -210
-208 -213
-186 -205
-179 -207
-174 -198
-181 -200
-192 -181
-202 -185
-191 -177
-194 -194
-196 -200
-201 -200
-217 -218
-210 -213
-220 -218
-219 -206
-214 -192
-206 -192
-180 -185
-168 -194
-176 -188
-180 -196
-204 -196
-210 -197
-210 -197
-213 -198
-220 -176
-200 -199
-194 -207
-179 -220
-177 -224
-196 -203
-204 -194
-215 -185
-211 -190
-195 -175
-194 -170
-195 -180
-194 -192
-212 -233
-210 -245
-203 -226
-200 -221
-189 -214
-201 -210
-192 -222
-196 -200
-201 -176
-189 -180
-206 -179
-209 -194
-211 -208
-220 -210
-212 -206
-201 -202
-184 -213
-187 -197
-188 -198
-194 -193
-199 -183
-200 -169
-195 -178
-198 -195
-208 -211
-197 -234
-196 -240
-207 -225
-208 -199
-203 -181
-203 -185
-196 -181
-193 -190
-197 -204
-203 -204
-203 -204
-208 -207
-207 -207
-206 -199
-193 -207
-186 -199
-193 -188
-192 -183
-206 -182
-212 -195
-199 -210
-186 -219
-189 -218
-184 -196
-199 -193
-199 -193
-214 -184
-213 -190
-213 -205
-194 -188
-198 -192
-197 -199
-196 -196
-200 -220
-203 -208
-199 -200
-196 -200
-206 -180
-201 -198
-196 -199
-188 -204
-191 -202
-182 -198
-192 -191
-202 -197
-202 -201
-216 -208
-221 -208
-212 -198
-204 -208
-202 -192
-200 -202
-219 -195
-224 -205
-215 -210
-198 -190
-179 -198
-160 -182
-179 -190
-191 -196
-211 -200
-228 -207
-211 -208
-204 -206
-188 -212
-196 -207
-202 -181
-198 -203
-190 -186
-183 -192
-174 -205
-191 -207
-206 -216
-206 -209
-220 -208
-217 -195
-219 -200
-213 -199
-210 -200
-203 -196
-195 -178
-198 -186
-186 -177
-193 -178
-202 -202
-206 -207
-215 -229
-206 -229
-190 -195
-190 -195
-180 -199
-176 -190
-184 -190
-190 -201
-200 -192
-191 -187
-196 -185
-206 -208
-219 -192
-236 -199
-226 -214
-225 -210
-205 -227
-189 -220
-179 -204
-171 -200
-181 -201
-191 -206
-207 -210
-220 -203
-212 -193
-199 -185
-184 -185
-188 -190
-186 -194
-206 -205
-217 -195
-200 -199
-196 -199
-191 -196
-194 -197
-196 -195
-201 -204
-210 -201
-201 -194
-203 -196
-198 -201
-187 -191
-190 -212
-200 -199
-211 -198
-209 -214
-200 -212
-195 -216
-195 -196
-200 -191
-202 -194
-196 -199
-195 -213
-187 -219
-201 -206
-206 -190
-199 -179
-200 -174
-197 -189
-195 -203
-210 -222
-209 -212
-208 -202
-207 -209
-192 -191
-191 -194
-191 -208
-206 -196
-206 -196
-212 -203
-215 -213
-207 -191
-186 -177
-179 -182
-171 -191
-186 -199
-213 -226
-217 -209
-217 -206
-212 -205
-204 -188
-205 -198
-219 -183
-215 -198
-203 -205
-193 -216
-171 -210
-172 -189
-178 -194
-184 -176
-212 -189
-216 -201
-219 -203
-228 -220
-220 -215
-215 -202
-190 -199
-180 -191
-165 -178
-169 -203
-192 -192
-206 -193
-228 -193
-215 -180
-197 -200
-183 -219
-183 -225
-190 -223
-215 -219
-224 -185
-206 -189
-203 -192
-180 -181
-183 -198
-191 -202
-198 -203
-218 -211
-211 -211
-211 -210
-202 -201
-182 -197
-179 -198
-191 -187
-194 -188
-219 -189
-222 -197
-205 -207
-194 -220
-184 -220
-188 -200
-193 -206
-213 -203
-213 -203
-212 -196
-205 -199
-197 -185
-189 -186
-196 -182
-194 -199
-213 -208
-216 -212
-211 -209
-218 -195
-206 -191
-201 -178
-193 -195
-186 -212
-186 -207
-192 -217
-200 -219
-201 -196
-201 -197
-196 -198
-200 -182
-206 -191
-201 -203
-189 -198
-176 -209
-178 -201
-193 -194
-203 -193
-221 -173
-217 -188
-209 -207
-208 -211
-204 -226
-203 -195
-207 -181
-212 -186
-204 -200
-192 -224
-173 -203
-180 -198
-185 -184
-196 -180
-224 -207
-222 -197
-218 -210
-213 -213
-205 -205
-197 -202
-188 -198
-191 -200
-189 -176
-197 -196
-213 -206
-209 -193
-201 -219
-196 -195
-190 -197
-201 -208
-206 -216
-206 -222
-206 -193
-199 -182
-195 -178
-183 -191
-183 -191
-179 -199
-181 -210
-177 -205
-194 -190
-190 -195
-203 -178
-211 -176
-212 -189
-220 -212
-209 -246
-199 -249
-179 -239
-176 -216
-178 -190
-194 -191
-207 -189
-217 -181
-216 -180
-197 -179
-192 -188
-189 -195
-180 -217
-203 -214
-205 -214
-208 -222
-206 -203
-200 -190
-210 -172
-205 -175
-209 -187
-200 -200
-193 -227
-198 -215
-199 -214
-199 -223
-199 -210
-197 -208
-193 -199
-210 -192
-211 -188
-202 -192
-201 -191
-183 -170
-187 -190
-190 -201
-208 -201
-217 -202
-205 -187
-206 -192
-199 -200
-205 -225
-210 -214
-213 -199
-208 -200
-204 -182
-204 -200
-202 -191
-194 -195
-179 -203
-176 -207
-184 -215
-195 -198
-211 -197
-211 -197
-209 -186
-197 -194
-200 -210
-192 -209
-192 -206
-198 -200
-190 -191
-206 -174
-207 -190
-207 -206
-216 -207
-205 -237
-213 -230
-218 -210
-214 -215
-208 -206
-193 -198
-167 -179
-174 -168
-181 -169
-193 -177
-220 -208
-217 -227
-201 -228
-195 -220
-184 -196
-189 -171
-194 -176
-208 -177
-208 -195
-193 -215
-209 -210
-203 -209
-203 -212
-203 -206
-196 -195
-204 -183
-201 -185
-206 -178
-198 -185
-178 -209
-177 -194
-187 -200
-198 -206
-215 -185
-209 -194
-201 -190
-194 -186
-185 -199
-196 -208
-205 -220
-201 -229
-216 -216
-220 -202
-209 -191
-216 -178
-206 -192
-195 -199
-195 -209
-193 -208
-194 -214
-198 -212
-192 -195
-193 -202
-193 -202
-198 -200
-204 -194
-205 -202
-202 -201
-203 -189
-202 -194
-208 -193
-212 -200
-199 -204
-188 -206
-178 -209
-184 -198
-189 -204
-208 -206
-221 -200
-205 -190
-197 -189
-193 -185
-194 -200
-199 -208
-206 -208
-207 -211
-205 -192
-205 -203
-194 -198
-184 -199
-192 -210
-189 -203
-207 -193
-207 -189
-190 -191
-199 -190
-193 -204
-193 -210
-208 -214
-203 -212
-208 -196
-212 -191
-203 -178
-198 -186
-182 -194
-185 -199
-184 -213
-206 -208
-213 -197
-206 -194
-214 -186
-208 -185
-208 -212
-210 -199
-192 -199
-177 -208
-181 -196
-188 -209
-210 -215
-226 -198
-222 -205
-214 -211
-203 -194
-192 -197
-194 -201
-183 -181
-179 -198
-179 -198
-182 -202
-186 -191
-204 -200
-204 -187
-206 -192
-208 -212
-201 -211
-209 -215
-213 -218
-210 -187
-204 -192
-192 -193
-174 -194
-181 -210
-190 -201
-206 -203
-225 -201
-220 -186
-209 -195
-201 -185
-185 -194
-176 -195
-186 -197
-188 -211
-195 -195
-207 -207
-202 -203
-209 -203
-209 -209
-204 -206
-214 -217
-205 -211
-212 -204
-208 -197
-200 -169
-200 -179
-196 -199
-197 -211
-202 -237
-205 -226
-203 -206
-205 -195
-202 -187
-198 -198
-197 -203
-197 -201
-193 -184
-190 -179
-200 -190
-198 -199
-208 -223
-213 -219
-204 -195
-207 -194
-203 -183
-206 -189
-206 -199
-192 -211
-178 -220
-173 -207
-182 -181
-184 -186
-206 -186
-204 -190
-204 -190
-207 -222
-225 -198
-220 -201
-224 -200
-215 -205
-185 -217
-165 -205
-160 -200
-160 -199
-194 -201
-228 -199
-222 -198
-227 -176
-222 -187
-208 -203
-219 -209
-209 -214
-188 -200
-176 -177
-168 -189
-174 -190
-194 -198
-211 -208
-222 -201
-224 -206
-224 -202
-209 -193
-188 -192
-165 -192
-165 -205
-175 -211
-207 -191
-214 -195
-218 -192
-227 -193
-212 -216
-224 -215
-217 -202
-199 -198
-182 -184
-172 -193
-163 -197
-174 -198
-194 -213
-213 -206
-211 -203
-211 -217
-209 -223
-198 -219
-206 -216
-187 -204
-187 -195
-197 -186
-198 -186
-204 -188
-211 -189
-210 -190
-213 -191
-218 -182
-205 -186
-180 -207
-171 -204
-172 -216
-172 -216
-179 -198
-201 -191
-217 -194
-213 -200
-212 -209
-211 -215
-204 -207
-207 -203
-206 -212
-203 -196
-199 -194
-187 -194
-180 -186
-188 -200
-193 -212
-201 -210
-210 -212
-210 -210
-206 -208
-207 -211
-193 -208
-179 -202
-186 -201
-187 -191
-203 -191
-212 -183
-198 -178
-203 -194
-202 -193
-201 -209
-198 -213
-196 -183
-198 -196
-201 -188
-200 -189
-193 -224
-192 -217
-188 -201
-208 -192
-220 -181
-205 -188
-194 -191
-188 -212
-190 -202
-195 -201
-218 -198
-217 -195
-205 -200
-200 -203
-176 -204
-186 -204
-190 -207
-208 -199
-214 -211
-201 -210
-211 -195
-203 -170
-208 -180
-205 -197
-191 -223
-181 -246
-190 -215
-188 -199
-195 -177
-195 -177
-203 -178
-201 -197
-216 -207
-212 -206
-204 -211
-185 -221
-184 -189
-187 -187
-202 -190
-222 -180
-212 -201
-209 -204
-205 -199
-191 -197
-193 -204
-201 -210
-202 -204
-205 -211
-203 -199
-188 -189
-186 -187
-189 -195
-193 -185
-204 -201
-207 -194
-199 -195
-207 -201
-214 -201
-214 -200
-215 -195
-206 -199
-201 -197
-190 -207
-194 -200
-195 -195
-192 -192
-194 -193
-185 -190
-187 -203
-191 -201
-201 -209
-216 -206
-214 -206
-204 -209
-192 -185
-189 -200
-191 -194
-199 -204
-203 -210
-207 -215
-207 -213
-202 -197
-201 -199
-197 -189
-199 -185
-209 -199
-216 -204
-222 -199
-212 -211
-196 -204
-180 -208
-170 -217
-181 -209
-181 -209
-193 -211
-207 -207
-224 -202
-213 -201
-208 -200
-200 -200
-181 -198
-186 -197
-200 -197
-199 -200
-198 -202
-202 -205
-197 -208
-194 -207
-211 -199
-208 -200
-199 -201
-198 -203
-181 -201
-184 -189
-191 -184
-211 -184
-218 -194
-210 -192
-200 -203
-196 -197
-200 -182
-207 -202
-215 -188
-210 -207
-210 -214
-208 -187
-200 -198
-191 -181
-176 -183
-167 -215
-175 -201
-187 -196
-203 -210
-211 -195
-213 -203
-226 -207
-226 -182
-223 -190
-214 -187
-189 -183
-179 -200
-177 -203
-165 -198
-178 -213
-189 -198
-197 -201
-223 -208
-224 -204
-205 -217
-199 -202
-189 -195
-189 -192
-205 -184
-216 -196
-222 -202
-222 -209
-209 -221
-191 -205
-191 -205
-179 -190
-177 -189
-188 -172
-200 -181
-196 -199
-195 -187
-197 -206
-200 -220
-200 -218
-198 -216
-201 -210
-192 -191
-199 -172
-201 -180
-192 -197
-191 -211
-201 -234
-196 -215
-208 -207
-213 -192
-200 -190
-208 -215
-209 -199
-208 -204
-208 -205
-201 -194
-187 -175
-173 -185
-187 -193
-185 -193
-207 -219
-209 -193
-216 -186
-220 -203
-202 -208
-203 -226
-191 -212
-196 -204
-201 -198
-199 -187
-188 -199
-194 -185
-190 -188
-205 -192
-212 -206
-196 -221
-200 -213
-202 -212
-200 -194
-202 -186
-206 -184
-205 -195
-207 -211
-206 -206
-196 -217
-183 -217
-190 -191
-199 -181
-200 -184
-213 -189
-213 -201
-211 -224
-216 -215
-216 -215
-217 -196
-207 -201
-192 -197
-177 -188
-160 -201
-170 -203
-181 -200
-203 -208
-230 -219
-216 -209
-212 -208
-197 -205
-188 -196
-190 -187
-200 -184
-203 -179
-195 -180
-213 -194
-210 -190
-218 -217
-223 -212
-202 -216
-201 -227
-194 -203
-189 -192
-185 -179
-187 -185
-191 -190
-199 -206
-202 -214
-198 -186
-195 -194
-198 -187
-205 -192
-203 -211
-199 -205
-199 -205
-203 -208
-202 -197
-190 -195
-182 -209
-191 -193
-201 -200
-226 -207
-220 -193
-215 -200
-215 -211
-198 -205
-195 -202
-182 -193
-175 -197
-182 -192
-180 -182
-196 -194
-194 -185
-203 -193
-206 -217
-205 -214
-209 -214
-196 -221
-205 -213
-200 -212
-197 -209
-210 -193
-210 -193
-213 -193
-216 -193
-220 -185
-212 -182
-198 -188
-184 -188
-175 -199
-183 -216
-198 -211
-199 -198
-198 -195
-189 -187
-177 -183
-195 -195
-200 -203
-214 -203
-217 -210
-209 -220
-215 -208
-209 -206
-212 -207
-213 -198
-204 -204
-178 -192
-169 -170
-165 -182
-179 -195
-194 -210
-215 -232
-218 -222
-218 -201
-225 -194
-211 -182
-197 -183
-179 -180
-176 -198
-192 -205
-203 -210
-217 -215
-225 -202
-213 -200
-213 -186
-204 -194
-191 -202
-191 -200
-197 -211
-208 -199
-205 -196
-200 -208
-189 -191
-179 -190
-189 -190
-198 -186
-200 -202
-202 -217
-213 -218
-203 -200
-201 -175
-203 -174
-181 -188
-176 -213
-185 -229
-191 -227
-191 -227
-205 -214
-217 -189
-215 -188
-211 -185
-207 -188
-200 -199
-191 -188
-182 -194
-176 -201
-189 -206
-199 -232
-216 -227
-216 -209
-210 -200
-208 -181
-204 -160
-216 -170
-210 -186
-205 -212
-191 -234
-178 -233
-187 -222
-200 -199
-213 -174
-214 -177
-201 -181
-187 -187
-178 -212
-191 -195
-197 -198
-206 -217
-216 -206
-209 -218
-210 -215
-198 -186
-184 -193
-187 -197
-196 -193
-202 -215
-206 -207
-199 -199
-195 -202
-198 -196
-198 -191
-212 -197
-211 -199
-216 -195
-217 -212
-207 -211
-197 -201
-182 -207
-180 -206
-188 -198
-196 -198
-202 -183
-201 -184
-202 -190
-203 -204
-196 -203
-191 -199
-189 -205
-191 -197
-202 -209
-217 -205
-217 -205
-219 -189
-218 -196
-215 -193
-204 -202
-190 -207
-177 -207
-173 -210
-179 -197
-182 -194
-202 -182
-212 -177
-217 -193
-212 -196
-196 -218
-190 -205
-188 -205
-191 -214
-207 -198
-213 -221
-205 -209
-206 -202
-198 -194
-200 -175
-213 -177
-209 -184
-212 -200
-208 -215
-193 -216
-198 -215
-196 -203
-184 -206
-199 -209
-201 -210
-205 -218
-213 -214
-201 -205
-202 -182
-193 -167
-196 -162
-207 -159
-200 -181
-197 -193
-191 -197
-186 -214
-194 -230
-202 -228
-193 -231
-187 -221
-194 -197
-194 -198
-216 -190
-219 -187
-206 -182
-205 -181
-192 -168
-188 -177
-178 -197
-185 -209
-195 -240
-205 -235
-222 -215
-221 -201
-213 -191
-213 -191
-210 -185
-205 -205
-197 -207
-184 -190
-182 -199
-183 -186
-183 -171
-202 -190
-211 -202
-201 -216
-196 -236
-195 -214
-184 -197
-206 -190
-216 -181
-200 -198
-204 -192
-201 -191
-199 -188
-211 -194
-199 -216
-182 -203
-189 -220
-178 -214
-199 -196
-210 -209
-209 -206
-220 -203
-209 -199
-204 -186
-195 -179
-198 -175
-203 -194
-210 -212
-212 -216
-207 -214
-197 -208
-188 -205
-187 -199
-188 -190
-198 -189
-199 -181
-198 -190
-194 -197
-199 -197
-204 -190
-198 -184
-196 -215
-195 -218
-193 -225
-202 -221
-217 -191
-216 -187
-219 -184
-218 -193
-208 -198
-192 -195
-180 -197
-170 -186
-168 -201
-169 -195
-190 -202
-218 -201
-216 -197
-216 -197
-233 -210
-230 -205
-212 -206
-210 -207
-199 -197
-192 -192
-196 -207
-208 -199
-216 -207
-207 -215
-192 -201
-176 -183
-159 -189
-173 -178
-177 -189
-193 -206
-216 -197
-212 -204
-229 -200
-232 -186
-223 -192
-217 -213
-200 -209
-180 -236
-167 -228
-171 -204
-192 -194
-206 -174
-224 -174
-221 -163
-208 -180
-199 -191
-192 -191
-196 -212
-199 -217
-205 -230
-198 -225
-193 -226
-192 -221
-193 -211
-193 -216
-196 -203
-199 -188
-202 -182
-206 -184
-205 -185
-188 -195
-184 -201
-190 -190
-194 -197
-208 -192
-207 -204
-192 -208
-200 -214
-202 -221
-202 -198
-208 -185
-210 -186
-206 -181
-208 -190
-211 -198
-201 -201
-191 -217
-191 -217
-187 -209
-191 -204
-199 -196
-207 -178
-206 -196
-196 -191
-178 -198
-181 -215
-193 -194
-199 -219
-217 -214
-212 -200
-199 -201
-203 -198
-200 -180
-205 -189
-211 -189
-203 -199
-200 -217
-196 -217
-193 -219
-191 -200
-183 -192
-193 -197
-192 -196
-205 -199
-224 -208
-208 -190
-200 -179
-179 -187
-176 -188
-183 -197
-209 -219
-218 -208
-212 -206
-220 -199
-208 -205
-214 -219
-211 -209
-201 -208
-189 -193
-183 -192
-178 -200
-184 -206
-192 -199
-205 -187
-207 -189
-201 -192
-204 -201
-203 -214
-198 -207
-198 -198
-193 -201
-194 -192
-193 -178
-200 -188
-206 -182
-203 -178
-198 -210
-194 -222
-202 -222
-203 -233
-203 -224
-204 -196
-204 -196
-204 -190
-206 -181
-208 -174
-199 -165
-181 -182
-176 -194
-189 -203
-200 -235
-220 -231
-223 -226
-213 -218
-198 -211
-176 -214
-179 -205
-178 -197
-197 -172
-210 -174
-212 -179
-213 -183
-211 -203
-215 -211
-208 -203
-214 -215
-207 -217
-197 -197
-186 -184
-189 -185
-196 -187
-206 -193
-215 -213
-215 -211
-207 -208
-192 -218
-181 -221
-179 -206
-189 -208
-190 -202
-207 -194
-215 -188
-202 -188
-205 -187
-194 -181
-195 -202
-204 -194
-211 -189
-214 -202
-204 -194
-197 -197
-188 -201
-187 -199
-179 -196
-188 -197
-194 -201
-198 -208
-213 -207
-206 -207
-212 -207
-217 -196
-214 -179
-217 -186
-200 -181
-180 -185
-168 -209
-168 -209
-173 -209
-192 -215
-216 -209
-222 -205
-219 -205
-212 -195
-203 -203
-205 -213
-199 -198
-196 -185
-185 -186
-191 -173
-197 -180
-210 -211
-213 -220
-206 -237
-203 -235
-196 -214
-199 -183
-185 -169
-177 -167
-172 -184
-173 -214
-201 -212
-225 -219
-232 -219
-238 -203
-219 -204
-207 -188
-203 -176
-192 -188
-182 -191
-166 -207
-162 -195
-169 -203
-199 -195
-225 -199
-230 -211
-230 -191
-209 -195
-187 -178
-176 -184
-189 -203
-196 -208
-196 -221
-205 -210
-197 -202
-190 -199
-198 -190
-201 -207
-192 -190
-205 -193
-207 -204
-194 -205
-196 -219
-201 -204
-195 -200
-207 -196
-213 -187
-204 -205
-202 -210
-187 -190
-183 -200
-192 -192
-192 -192
-199 -170
-224 -186
-226 -198
-221 -209
-221 -233
-196 -231
-183 -211
-159 -192
-168 -187
-185 -193
-208 -186
-217 -198
-213 -197
-211 -206
-189 -210
-195 -194
-195 -200
-189 -188
-204 -200
-214 -208
-206 -212
-204 -215
-190 -202
-187 -191
-195 -185
-197 -180
-206 -193
-210 -201
-206 -205
-208 -203
-205 -211
-190 -208
-178 -199
-187 -205
-190 -184
-198 -193
-209 -190
-197 -202
-208 -205
-200 -219
-202 -221
-212 -206
-206 -196
-200 -175
-187 -185
-180 -183
-183 -197
-206 -216
-219 -209
-215 -203
-209 -209
-201 -206
-200 -190
-204 -197
-207 -197
-207 -189
-212 -212
-212 -211
-205 -187
-181 -193
-161 -189
-174 -193
-182 -198
-182 -198
-208 -204
-223 -193
-208 -205
-212 -202
-204 -204
-208 -199
-207 -188
-198 -189
-194 -182
-183 -206
-190 -201
-191 -217
-197 -194
-206 -180
-195 -201
-185 -197
-189 -213
-183 -211
-197 -197
-209 -202
-212 -208
-208 -203
-200 -206
-205 -203
-189 -187
-197 -206
-199 -187
-191 -193
-212 -194
-212 -191
-203 -220
-203 -208
-198 -218
-194 -213
-192 -183
-198 -196
-194 -188
-200 -195
-223 -203
-212 -205
-206 -212
-194 -211
-183 -214
-195 -206
-197 -198
-210 -176
-212 -181
-204 -184
-206 -195
-195 -216
-189 -206
-192 -207
-206 -205
-207 -184
-202 -202
-195 -196
-190 -195
-195 -200
-188 -192
-196 -192
-177 -195
-188 -204
-214 -202
-213 -206
-213 -206
-220 -211
-223 -197
-217 -202
-214 -191
-214 -196
-188 -205
-166 -205
-167 -204
-168 -185
-199 -194
-218 -187
-230 -192
-231 -206
-206 -213
-195 -219
-179 -205
-183 -191
-192 -175
-198 -178
-216 -203
-215 -203
-205 -210
-192 -186
-176 -183
-178 -201
-191 -210
-221 -225
-218 -232
-207 -221
-214 -197
-196 -183
-195 -182
-195 -188
-185 -210
-199 -218
-206 -218
-202 -215
-199 -200
-200 -198
-190 -181
-193 -180
-197 -178
-178 -193
-200 -199
-208 -204
-211 -206
-226 -202
-221 -195
-224 -196
-213 -199
-186 -200
-166 -207
-165 -208
-174 -195
-210 -196
-226 -201
-218 -194
-214 -211
-197 -201
-194 -206
-202 -205
-198 -192
-192 -200
-192 -200
-189 -191
-197 -190
-198 -200
-200 -205
-206 -204
-200 -210
-196 -217
-206 -203
-210 -192
-209 -198
-216 -183
-213 -196
-203 -209
-202 -202
-196 -208
-180 -179
-174 -194
-181 -199
-192 -198
-210 -231
-223 -224
-216 -201
-217 -197
-214 -183
-205 -182
-188 -205
-175 -217
-172 -220
-184 -206
-198 -189
-207 -185
-218 -191
-200 -199
-203 -211
-203 -212
-204 -194
-215 -188
-217 -188
-213 -187
-188 -194
-180 -209
-166 -200
-175 -205
-199 -212
-205 -206
-224 -201
-219 -186
-202 -191
-194 -180
-172 -194
-181 -202
-192 -195
-205 -204
-227 -204
-223 -207
-224 -215
-212 -198
-189 -185
-175 -185
-163 -191
-179 -205
-193 -216
-214 -219
-219 -200
-219 -200
-207 -196
-197 -202
-191 -198
-199 -184
-197 -204
-204 -191
-204 -192
-206 -205
-216 -197
-217 -201
-212 -207
-203 -213
-183 -205
-173 -206
-174 -209
-175 -204
-201 -198
-216 -193
-217 -173
-216 -183
-205 -194
-206 -196
-208 -211
-208 -205
-197 -204
-186 -196
-179 -201
-182 -198
-192 -192
-201 -208
-208 -203
-205 -217
-197 -218
-198 -208
-199 -192
-196 -171
-193 -184
-202 -200
-195 -207
-200 -211
-214 -208
-209 -192
-205 -203
-197 -217
-186 -202
-190 -191
-193 -183
-193 -175
-200 -187
-192 -214
-203 -213
-211 -228
-209 -222
-217 -214
-212 -214
-212 -207
-211 -209
-206 -201
-204 -187
-194 -170
-176 -174
-174 -180
-172 -204
-172 -204
-183 -213
-218 -198
-217 -212
-216 -205
-217 -205
-206 -209
-197 -189
-200 -197
-198 -197
-190 -190
-185 -197
-189 -187
-197 -184
-199 -199
-214 -199
-213 -198
-204 -201
-207 -200
-208 -203
-203 -206
-209 -194
-209 -202
-201 -201
-188 -201
-173 -211
-177 -193
-192 -191
-199 -189
-210 -193
-212 -201
-210 -202
-212 -209
-210 -213
-201 -217
-191 -217
-194 -210
-200 -208
-200 -201
-202 -199
-199 -192
-176 -189
-183 -181
-189 -172
-191 -184
-210 -182
-210 -187
-205 -212
-197 -212
-194 -225
-200 -222
-201 -202
-203 -194
-209 -185
-201 -183
-198 -197
-212 -206
-209 -212
-201 -207
-199 -193
-194 -183
-189 -174
-190 -185
-191 -202
-186 -206
-186 -206
-196 -211
-211 -212
-213 -215
-212 -201
-189 -181
-174 -193
-181 -196
-193 -201
-209 -228
-211 -219
-215 -197
-211 -184
-200 -189
-191 -192
-186 -200
-187 -217
-205 -210
-219 -195
-209 -193
-200 -207
-190 -191
-191 -205
-199 -208
-198 -195
-206 -214
-206 -211
-189 -202
-193 -197
-192 -186
-185 -189
-210 -195
-205 -201
-199 -205
-205 -199
-190 -192
-201 -197
-205 -185
-200 -194
-212 -191
-208 -189
-204 -207
-196 -187
-187 -198
-189 -212
-177 -205
-195 -222
-202 -222
-208 -196
-220 -169
-213 -162
-202 -171
-202 -185
-204 -219
-197 -225
-188 -233
-185 -231
-192 -201
-204 -210
-225 -181
-218 -177
-214 -196
-209 -193
-207 -214
-207 -214
-208 -210
-201 -206
-191 -206
-169 -190
-172 -208
-172 -212
-190 -198
-216 -196
-216 -195
-214 -196
-206 -202
-201 -211
-205 -188
-205 -199
-201 -196
-186 -193
-190 -210
-202 -198
-205 -201
-214 -209
-200 -199
-193 -193
-195 -188
-199 -176
-197 -186
-186 -205
-181 -207
-191 -221
-203 -214
-227 -195
-222 -187
-198 -180
-174 -196
-166 -196
-175 -209
-191 -208
-215 -196
-221 -210
-222 -190
-213 -197
-203 -195
-194 -195
-192 -212
-199 -219
-205 -210
-205 -201
-195 -208
-203 -191
-203 -189
-201 -204
-198 -187
-195 -203
-201 -214
-191 -195
-201 -211
-208 -198
-194 -196
-206 -206
-214 -200
-211 -193
-215 -200
-218 -205
-212 -195
-189 -200
-189 -200
-180 -194
-178 -189
-185 -199
-202 -196
-205 -209
-204 -199
-204 -202
-206 -208
-209 -194
-204 -202
-190 -199
-182 -191
-188 -204
-197 -203
-201 -204
-216 -217
-219 -212
-217 -207
-221 -205
-213 -189
-189 -176
-179 -193
-174 -190
-168 -180
-187 -196
-183 -195
-194 -185
-210 -211
-215 -193
-218 -177
-211 -202
-210 -213
-203 -224
-213 -228
-213 -204
-206 -193
-197 -197
-183 -178
-173 -201
-171 -195
-188 -195
-209 -201
-221 -191
-219 -199
-205 -192
-183 -217
-172 -206
-177 -202
-199 -202
-210 -187
-225 -193
-232 -202
-219 -201
-222 -215
-211 -219
-190 -199
-178 -202
-171 -193
-180 -182
-197 -199
-202 -211
-213 -201
-214 -209
-214 -209
-211 -211
-221 -195
-210 -189
-193 -193
-187 -171
-181 -180
-184 -200
-184 -184
-187 -196
-189 -206
-193 -215
-214 -221
-212 -219
-208 -211
-207 -193
-199 -208
-202 -216
-198 -207
-184 -206
-186 -188
-194 -179
-200 -190
-222 -197
-219 -213
-214 -210
-212 -203
-208 -201
-200 -194
-184 -189
-175 -193
-180 -187
-185 -199
-202 -202
-218 -205
-208 -212
-199 -202
-193 -210
-194 -206
-200 -197
-198 -182
-189 -193
-190 -189
-176 -208
-196 -220
-209 -209
-210 -208
-217 -201
-210 -200
-219 -194
-211 -189
-215 -192
-205 -187
-180 -197
-169 -199
-173 -199
-180 -208
-208 -205
-216 -215
-217 -209
-225 -204
-214 -194
-216 -191
-209 -190
-202 -190
-202 -190
-182 -205
-174 -211
-171 -193
-180 -202
-201 -195
-222 -179
-212 -201
-204 -188
-188 -192
-190 -191
-193 -192
-196 -215
-219 -207
-214 -226
-221 -216
-219 -185
-210 -187
-196 -184
-187 -195
-182 -202
-170 -205
-188 -204
-200 -197
-204 -207
-220 -197
-209 -194
-202 -186
-213 -193
-203 -203
-208 -214
-212 -212
-188 -181
-179 -189
-163 -194
-171 -197
-194 -228
-216 -214
-230 -200
-219 -213
-216 -202
-211 -193
-203 -192
-184 -190
-165 -195
-172 -209
-181 -212
-210 -201
-225 -187
-212 -189
-207 -172
-201 -188
-206 -214
-207 -206
-206 -227
-206 -209
-198 -195
-195 -212
-193 -197
-191 -189
-194 -200
-204 -179
-208 -191
-213 -206
-213 -206
-210 -204
-206 -220
-207 -215
-192 -206
-177 -184
-172 -181
-170 -177
-184 -195
-212 -209
-207 -216
-207 -212
-212 -203
-193 -210
-197 -198
-203 -200
-191 -196
-195 -193
-200 -186
-191 -197
-204 -190
-212 -197
-216 -210
-210 -202
-199 -211
-185 -208
-181 -190
-195 -195
-192 -199
-208 -194
-214 -213
-195 -207
-192 -192
-196 -190
-187 -174
-206 -195
-223 -215
-205 -212
-203 -209
-185 -203
-177 -183
-189 -185
-198 -191
-213 -197
-213 -218
-203 -221
-202 -215
-203 -202
-208 -200
-218 -194
-221 -205
-216 -198
-202 -184
-192 -195
-169 -196
-157 -178
-169 -189
-183 -200
-204 -201
-222 -223
-215 -218
-211 -203
-211 -212
-211 -207
-211 -206
-211 -206
-212 -196
-203 -187
-196 -187
-196 -183
-190 -191
-192 -193
-202 -201
-204 -210
-200 -221
-200 -228
-188 -225
-188 -213
-201 -200
-200 -187
-191 -187
-187 -190
-189 -195
-199 -203
-222 -200
-229 -192
-217 -184
-203 -195
-194 -187
-191 -204
-187 -203
-185 -195
-185 -202
-193 -198
-198 -215
-217 -206
-212 -191
-198 -202
-192 -184
-193 -194
-192 -208
-206 -198
-215 -213
-200 -204
-205 -205
-190 -200
-193 -193
-205 -192
-200 -198
-204 -196
-197 -198
-199 -207
-199 -195
-200 -203
-196 -200
-190 -178
-189 -193
-199 -192
-212 -188
-203 -218
-203 -203
-204 -210
-202 -206
-207 -201
-204 -212
-186 -185
-185 -194
-182 -183
-191 -190
-191 -190
-211 -199
-204 -207
-219 -196
-220 -191
-214 -213
-214 -201
-205 -223
-201 -214
-199 -196
-198 -203
-184 -192
-178 -192
-177 -197
-180 -185
-196 -191
-205 -194
-211 -198
-211 -200
-210 -210
-203 -206
-187 -200
-191 -200
-187 -186
-190 -194
-206 -194
-205 -201
-203 -208
-219 -199
-219 -205
-211 -203
-212 -210
-202 -218
-195 -211
-200 -205
-189 -185
-182 -197
-179 -190
-182 -177
-201 -189
-217 -189
-219 -210
-207 -223
-188 -220
-178 -214
-190 -194
-193 -180
-212 -192
-222 -188
-205 -193
-216 -221
-203 -211
-198 -206
-207 -209
-206 -208
-207 -200
-199 -184
-186 -191
-176 -187
-188 -194
-194 -209
-204 -192
-202 -198
-194 -185
-200 -196
-200 -196
-199 -217
-203 -212
-201 -207
-195 -202
-195 -179
-192 -185
-201 -185
-205 -185
-206 -212
-205 -219
-194 -231
-190 -233
-194 -226
-200 -212
-213 -217
-213 -206
-211 -179
-208 -163
-200 -172
-198 -188
-202 -203
-208 -219
-206 -219
-197 -199
-185 -179
-190 -188
-201 -183
-209 -193
-214 -229
-209 -220
-199 -213
-189 -209
-191 -199
-192 -203
-196 -211
-208 -207
-212 -201
-211 -198
-211 -191
-205 -203
-193 -207
-182 -208
-169 -200
-181 -194
-184 -186
-209 -181
-223 -187
-212 -178
-201 -190
-184 -185
-184 -191
-196 -207
-205 -207
-208 -208
-210 -216
-210 -205
-217 -176
-214 -196
-204 -184
-185 -183
-170 -218
-174 -206
-179 -206
-179 -206
-201 -214
-224 -194
-218 -191
-213 -188
-205 -188
-204 -197
-208 -204
-209 -202
-195 -205
-176 -197
-175 -193
-186 -191
-193 -193
-218 -196
-225 -211
-213 -216
-218 -217
-201 -225
-193 -207
-202 -207
-193 -191
-180 -176
-180 -172
-185 -170
-190 -185
-205 -207
-216 -211
-208 -230
-211 -213
-215 -187
-208 -198
-208 -191
-193 -203
-180 -202
-167 -196
-176 -201
-182 -202
-203 -221
-212 -205
-211 -189
-206 -196
-198 -186
-206 -205
-201 -208
-201 -206
-201 -216
-203 -205
-209 -197
-214 -189
-216 -188
-209 -192
-205 -206
-201 -195
-191 -199
-179 -192
-173 -199
-181 -203
-178 -206
-196 -208
-208 -180
-211 -196
-216 -195
-208 -199
-208 -214
-208 -214
-206 -211
-214 -188
-210 -193
-198 -186
-190 -188
-190 -216
-195 -206
-204 -212
-205 -208
-203 -191
-196 -203
-181 -207
-182 -201
-192 -205
-189 -199
-206 -181
-207 -192
-196 -183
-213 -198
-207 -223
-209 -220
-208 -236
-191 -211
-181 -197
-183 -182
-191 -165
-199 -176
-201 -175
-204 -198
-200 -220
-196 -220
-206 -220
-211 -214
-208 -208
-208 -200
-193 -207
-180 -188
-185 -161
-189 -172
-202 -192
-211 -211
-206 -238
-199 -225
-193 -208
-192 -201
-196 -199
-210 -204
-217 -189
-200 -187
-186 -191
-192 -191
-188 -208
-208 -213
-220 -208
-213 -199
-211 -172
-193 -183
-181 -197
-182 -205
-186 -223
-198 -209
-215 -189
-212 -195
-212 -195
-208 -201
-209 -201
-209 -211
-204 -206
-206 -198
-208 -177
-204 -181
-202 -190
-188 -197
-165 -222
-168 -216
-180 -200
-183 -177
-212 -176
-222 -182
-217 -209
-225 -231
-218 -230
-205 -226
-207 -198
-204 -183
-194 -186
-196 -174
-190 -194
-200 -206
-207 -209
-212 -208
-212 -201
-204 -214
-190 -195
-182 -200
-185 -204
-198 -188
-207 -177
-204 -189
-191 -199
-175 -208
-183 -234
-196 -225
-205 -199
-217 -189
-214 -187
-206 -187
-198 -194
-192 -208
-195 -197
-196 -207
-192 -211
-192 -188
-190 -198
-188 -186
-210 -187
-216 -202
-221 -199
-222 -210
-210 -212
-201 -224
-191 -228
-193 -218
-201 -213
-211 -185
-209 -158
-193 -164
-177 -165
-177 -165
-177 -189
-187 -227
-198 -219
-215 -229
-218 -220
-211 -195
-214 -183
-206 -175
-202 -176
-204 -186
-198 -208
-189 -203
-173 -211
-174 -208
-178 -201
-198 -210
-215 -194
-213 -178
-214 -182
-211 -190
-205 -205
-204 -225
-205 -209
-193 -195
-199 -184
-204 -184
-205 -191
-208 -185
-187 -202
-170 -220
-176 -221
-182 -231
-204 -229
-221 -209
-212 -209
-218 -207
-210 -204
-209 -200
-198 -188
-185 -166
-185 -166
-188 -166
-197 -175
-199 -193
-192 -199
-186 -212
-191 -231
-186 -228
-203 -223
-201 -214
-207 -208
-213 -211
-216 -206
-216 -207
-209 -203
-209 -204
-203 -199
-207 -194
-207 -186
-205 -189
-195 -195
-181 -198
-177 -189
-186 -185
-186 -185
-200 -180
-207 -195
-211 -204
-210 -212
-202 -205
-209 -177
-209 -186
-209 -193
-203 -204
-189 -222
-173 -203
-175 -202
-188 -200
-202 -205
-222 -219
-213 -207
-203 -205
-193 -180
-180 -179
-188 -192
-191 -197
-201 -228
-207 -232
-196 -220
-207 -210
-213 -194
-207 -185
-197 -182
-186 -182
-187 -175
-181 -188
-207 -195
-214 -208
-195 -221
-208 -222
-210 -222
-192 -209
-201 -203
-207 -183
-197 -189
-213 -200
-216 -202
-207 -210
-210 -195
-211 -176
-195 -177
-180 -174
-171 -198
-166 -205
-180 -212
-208 -206
-217 -190
-224 -186
-224 -184
-213 -203
-202 -196
-189 -214
-181 -197
-164 -193
-182 -197
-176 -197
-186 -202
-211 -210
-211 -210
-210 -202
-217 -194
-218 -201
-219 -175
-216 -188
-222 -199
-219 -213
-206 -226
-191 -225
-175 -213
-169 -204
-178 -201
-188 -190
-207 -182
-218 -178
-212 -183
-205 -202
-192 -208
-189 -215
-194 -217
-196 -198
-209 -196
-208 -196
-202 -191
-193 -209
-193 -216
-191 -211
-190 -196
-206 -169
-191 -177
-195 -190
-206 -205
-203 -227
-220 -208
-214 -206
-209 -208
-205 -192
-196 -198
-193 -182
-182 -194
-181 -205
-197 -208
-196 -218
-218 -204
-216 -198
-199 -194
-199 -194
-194 -190
-201 -202
-199 -205
-194 -200
-200 -206
-197 -200
-197 -193
-207 -195
-193 -189
-189 -199
-196 -196
-201 -201
-200 -209
-209 -202
-214 -219
-204 -207
-201 -187
-201 -187
-193 -188
-182 -183
-195 -189
-198 -210
-205 -210
-218 -216
-209 -208
-212 -191
-203 -202
-190 -187
-179 -180
-177 -198
-196 -186
-203 -192
-217 -217
-227 -207
-212 -210
-212 -213
-208 -191
-193 -199
-194 -196
-182 -190
-188 -212
-206 -204
-206 -206
-210 -221
-200 -204
-183 -200
-185 -188
-197 -170
-204 -178
-199 -202
-197 -203
-200 -214
-198 -211
-204 -203
-201 -220
-200 -214
-204 -200
-201 -182
-198 -177
-184 -177
-190 -192
-199 -208
-209 -212
-214 -222
-212 -216
-209 -207
-211 -183
-213 -179
-199 -173
-187 -184
-166 -195
-172 -197
-178 -221
-202 -211
-214 -219
-213 -218
-216 -194
-196 -189
-192 -193
-195 -181
-189 -198
-189 -198
-205 -212
-220 -211
-214 -218
-208 -211
-188 -197
-171 -182
-180 -179
-188 -177
-214 -195
-220 -200
-209 -217
-211 -217
-200 -216
-195 -226
-187 -208
-187 -211
-186 -194
-204 -190
-206 -190
-210 -182
-213 -188
-197 -190
-196 -186
-193 -191
-191 -206
-199 -204
-213 -218
-207 -214
-198 -203
-196 -207
-197 -201
-192 -204
-205 -191
-213 -184
-198 -178
-199 -185
-192 -198
-197 -217
-202 -217
-201 -217
-203 -216
-199 -204
-201 -206
-198 -198
-201 -187
-203 -171
-195 -172
-199 -169
-189 -171
-183 -176
-192 -192
-204 -222
-220 -246
-216 -259
-214 -248
-201 -221
-192 -189
-182 -188
-175 -183
-179 -181
-195 -194
-206 -194
-224 -185
-227 -199
-227 -199
-203 -215
-199 -216
-189 -212
-195 -198
-190 -185
-205 -180
-208 -195
-198 -195
-203 -191
-202 -190
-205 -197
-202 -203
-199 -216
-186 -220
-180 -201
-188 -197
-202 -194
-209 -190
-214 -180
-223 -194
-220 -201
-221 -201
-205 -224
-189 -222
-181 -201
-176 -200
-184 -186
-186 -181
-196 -196
-206 -193
-195 -211
-208 -208
-203 -205
-196 -214
-217 -211
-209 -209
-207 -206
-198 -196
-189 -188
-189 -179
-203 -178
-205 -179
-201 -196
-195 -214
-192 -211
-198 -203
-204 -201
-211 -186
-206 -200
-206 -207
-209 -201
-204 -210
-206 -183
-203 -197
-195 -196
-193 -204
-192 -212
-195 -208
-194 -207
-185 -197
-194 -197
-191 -194
-200 -191
-200 -191
-219 -190
-208 -198
-202 -188
-188 -193
-188 -207
-189 -211
-196 -208
-208 -202
-197 -190
-188 -186
-191 -200
-185 -201
-199 -206
-219 -190
-227 -194
-232 -203
-209 -191
-186 -209
-172 -208
-185 -200
-192 -215
-210 -208
-222 -202
-208 -203
-207 -203
-190 -195
-190 -190
-198 -186
-203 -169
-198 -189
-183 -213
-180 -203
-187 -222
-209 -214
-218 -196
-223 -215
-224 -206
-212 -200
-215 -197
-203 -189
-184 -182
-177 -198
-171 -204
-176 -186
-186 -195
-199 -188
-201 -181
-204 -204
-207 -189
-204 -187
-214 -202
-211 -210
-197 -231
-187 -237
-188 -228
-183 -206
-204 -180
-219 -177
-200 -169
-198 -183
-198 -182
-194 -175
-201 -176
-208 -196
-208 -196
-207 -228
-211 -248
-214 -256
-214 -236
-203 -213
-194 -195
-191 -198
-202 -195
-205 -202
-210 -198
-212 -175
-202 -183
-189 -194
-175 -204
-184 -217
-190 -212
-200 -200
-222 -184
-213 -195
-206 -188
-202 -200
-185 -203
-175 -204
-186 -211
-188 -197
-207 -196
-215 -196
-206 -181
-215 -195
-210 -197
-212 -196
-211 -203
-208 -205
-203 -209
-192 -209
-179 -208
-176 -193
-175 -194
-175 -191
-189 -190
-201 -199
-201 -209
-220 -202
-219 -212
-209 -213
-217 -204
-214 -194
-218 -185
-214 -178
-190 -167
-175 -178
-173 -186
-178 -197
-194 -224
-212 -233
-216 -217
-213 -208
-211 -197
-193 -192
-178 -203
-190 -198
-193 -195
-205 -189
-205 -189
-227 -198
-214 -206
-217 -213
-209 -215
-197 -201
-198 -192
-183 -186
-186 -187
-188 -207
-194 -211
-203 -195
-204 -206
-202 -187
-204 -194
-212 -210
-215 -206
-215 -210
-209 -201
-189 -200
-177 -202
-171 -203
-178 -194
-175 -182
-195 -189
-205 -185
-210 -207
-221 -223
-214 -203
-220 -209
-211 -201
-211 -205
-204 -207
-191 -209
-175 -201
-177 -196
-183 -193
-174 -191
-198 -181
-207 -185
-208 -191
-216 -203
-203 -215
-204 -200
-196 -206
-197 -186
-199 -196
-201 -199
-199 -201
-202 -205
-205 -204
-199 -217
-205 -205
-199 -210
-198 -214
-200 -213
-200 -215
-203 -210
-200 -186
-205 -173
-201 -169
-210 -179
-211 -197
-202 -217
-205 -221
-205 -221
-204 -212
-205 -210
-197 -204
-189 -210
-180 -214
-185 -210
-192 -189
-207 -171
-215 -167
-205 -167
-210 -192
-209 -215
-209 -207
-208 -217
-194 -209
-180 -201
-174 -208
-187 -204
-193 -200
-213 -182
-221 -184
-215 -170
-209 -181
-196 -203
-193 -191
-198 -205
-214 -211
-213 -205
-204 -224
-191 -212
-173 -197
-179 -203
-194 -186
-192 -189
-197 -192
-204 -181
-194 -190
-203 -206
-215 -215
-215 -221
-215 -223
-215 -202
-208 -195
-192 -197
-177 -187
-161 -191
-173 -199
-188 -194
-211 -215
-225 -218
-220 -202
-217 -178
-211 -180
-214 -192
-197 -199
-180 -222
-174 -213
-177 -190
-186 -188
-196 -183
-203 -191
-194 -200
-210 -210
-210 -210
-211 -208
-205 -205
-200 -213
-196 -197
-201 -193
-201 -192
-205 -177
-186 -191
-186 -204
-193 -201
-193 -214
-212 -217
-209 -209
-204 -192
-194 -202
-192 -186
-196 -199
-201 -214
-221 -193
-220 -201
-215 -195
-214 -202
-200 -215
-184 -201
-180 -199
-187 -191
-195 -180
-201 -202
-203 -196
-199 -209
-199 -211
-192 -200
-196 -207
-201 -183
-194 -198
-212 -190
-214 -197
-210 -199
-210 -199
-201 -222
-193 -212
-186 -210
-181 -201
-192 -188
-193 -181
-199 -195
-213 -192
-198 -194
-198 -204
-206 -202
-199 -212
-201 -210
-204 -195
-195 -195
-198 -181
-191 -182
-194 -203
-205 -197
-202 -217
-213 -219
-215 -215
-210 -222
-215 -200
-210 -183
-210 -183
-190 -187
-175 -189
-171 -184
-176 -202
-193 -185
-200 -182
-207 -209
-218 -192
-212 -204
-207 -215
-200 -203
-197 -223
-204 -218
-212 -199
-212 -201
-201 -195
-196 -192
-183 -195
-179 -203
-184 -192
-184 -205
-207 -206
-212 -194
-205 -208
-211 -201
-201 -196
-200 -200
-196 -190
-196 -186
-200 -192
-202 -200
-198 -206
-195 -223
-194 -229
-194 -208
-206 -193
-215 -165
-210 -164
-210 -182
-212 -215
-200 -224
-204 -226
-202 -214
-195 -199
-183 -199
-180 -182
-194 -194
-201 -186
-204 -198
-198 -210
-193 -209
-188 -214
-195 -204
-206 -199
-195 -196
-210 -197
-216 -192
-209 -199
-205 -200
-190 -197
-189 -209
-198 -214
-204 -203
-204 -203
-205 -192
-207 -197
-208 -190
-208 -185
-211 -201
-206 -193
-200 -198
-198 -199
-197 -200
-193 -201
-188 -196
-193 -197
-201 -196
-207 -196
-209 -204
-202 -215
-189 -213
-179 -207
-186 -191
-197 -193
-203 -189
-218 -180
-211 -188
-206 -200
-212 -209
-204 -223
-206 -211
-203 -206
-200 -189
-196 -195
-178 -206
-185 -190
-182 -201
-179 -185
-198 -191
-197 -193
-198 -203
-212 -196
-198 -197
-199 -206
-205 -186
-198 -216
-206 -208
-211 -216
-208 -221
-205 -201
-201 -187
-190 -183
-178 -192
-195 -208
-211 -224
-213 -216
-215 -201
-198 -178
-187 -182
-193 -174
-196 -195
-208 -208
-204 -212
-193 -219
-192 -209
-195 -210
-203 -196
-200 -176
-200 -176
-193 -181
-189 -185
-187 -186
-208 -218
-227 -199
-224 -197
-221 -208
-210 -184
-193 -209
-187 -194
-183 -197
-186 -213
-201 -196
-209 -210
-211 -211
-211 -205
-203 -215
-197 -224
-197 -217
-202 -215
-206 -198
-207 -181
-208 -180
-192 -195
-177 -196
-182 -197
-189 -200
-195 -184
-198 -203
-200 -212
-192 -200
-200 -211
-215 -214
-203 -208
-199 -217
-193 -207
-184 -196
-185 -198
-204 -194
-205 -198
-210 -196
-217 -196
-209 -191
-210 -187
-215 -188
-210 -184
-193 -203
-180 -206
-169 -213
-174 -221
-194 -203
-206 -195
-215 -181
-214 -182
-208 -176
-204 -197
-186 -208
-183 -202
-184 -205
-191 -200
-215 -199
-209 -206
-212 -202
-212 -202
-215 -198
-209 -198
-212 -194
-209 -208
-204 -198
-192 -192
-191 -197
-189 -190
-193 -206
-204 -201
-213 -205
-214 -198
-212 -194
-207 -203
-191 -199
-175 -209
-169 -200
-170 -191
-177 -193
-206 -192
-217 -202
-215 -213
-224 -204
-195 -194
-189 -196
-192 -186
-191 -189
-194 -199
-196 -201
-192 -209
-199 -212
-206 -222
-206 -221
-210 -221
-204 -217
-197 -179
-187 -172
-195 -174
-198 -158
-194 -194
-208 -211
-207 -209
-208 -230
-207 -218
-196 -192
-181 -189
-187 -184
-195 -186
-206 -196
-218 -193
-214 -194
-221 -209
-218 -205
-209 -222
-190 -215
-174 -195
-170 -182
-178 -175
-189 -197
-210 -201
-206 -224
-208 -225
-212 -195
-196 -183
-196 -183
-198 -183
-194 -185
-185 -191
-189 -215
-204 -194
-204 -189
-216 -212
-218 -202
-199 -217
-183 -205
-182 -198
-185 -191
-202 -193
-211 -204
-210 -210
-215 -218
-196 -202
-205 -201
-203 -192
-207 -181
-213 -201
-208 -200
-203 -201
-194 -214
-195 -207
-189 -211
-186 -204
-188 -199
-185 -180
-198 -191
-199 -186
-210 -199
-215 -209
-202 -205
-210 -207
-205 -181
-203 -194
-205 -180
-198 -178
-178 -202
-183 -209
-195 -205
-201 -220
-223 -209
-224 -201
-212 -210
-212 -194
-197 -196
-195 -198
-200 -193
-201 -206
-208 -205
-198 -210
-182 -211
-175 -201
-190 -195
-191 -185
-207 -192
-219 -194
-201 -211
-202 -206
-197 -200
-196 -204
-196 -204
-206 -186
-215 -196
-218 -190
-204 -195
-201 -200
-195 -210
-191 -218
-194 -215
-192 -221
-195 -209
-204 -215
-209 -209
-208 -211
-213 -190
-207 -180
-203 -173
-183 -177
-175 -186
-167 -194
-182 -192
-184 -191
-200 -200
-205 -209
-206 -211
-221 -215
-211 -216
-214 -203
-208 -197
-210 -162
-207 -160
-193 -169
-179 -188
-174 -223
-182 -237
-190 -232
-207 -231
-212 -221
-204 -206
-220 -205
-213 -196
-212 -200
-211 -200
-202 -193
-194 -188
-188 -176
-183 -187
-186 -185
-195 -201
-194 -205
-196 -206
-199 -199
-191 -197
-203 -200
-213 -201
-207 -222
-200 -206
-189 -193
-191 -187
-197 -176
-197 -201
-210 -204
-207 -208
-198 -215
-199 -201
-199 -201
-194 -217
-198 -213
-195 -203
-195 -206
-201 -193
-195 -190
-193 -193
-203 -180
-195 -187
-195 -179
-212 -196
-204 -204
-199 -212
-207 -213
-206 -206
-214 -206
-213 -184
-200 -190
-190 -176
-185 -194
-190 -212
-201 -219
-213 -219
-218 -199
-218 -192
-215 -179
-208 -194
-199 -199
-194 -208
-189 -215
-184 -198
-188 -198
-183 -191
-191 -180
-190 -199
-193 -191
-207 -205
-200 -213
-203 -204
-210 -214
-217 -200
-219 -210
-212 -213
-206 -212
-194 -209
-182 -191
-181 -181
-189 -172
-191 -185
-205 -190
-200 -201
-195 -204
-194 -204
-192 -209
-204 -209
-210 -222
-214 -217
-215 -220
-212 -217
-205 -201
-198 -178
-190 -153
-183 -167
-183 -167
-172 -195
-180 -207
-178 -228
-195 -210
-208 -198
-212 -211
-213 -208
-205 -200
-204 -199
-196 -199
-195 -204
-208 -212
-203 -206
-208 -194
-207 -182
-183 -180
-183 -182
-189 -194
-193 -205
-218 -207
-216 -213
-195 -204
-200 -185
-200 -197
-196 -183
-195 -187
-197 -198
-194 -201
-196 -215
-212 -222
-210 -223
-194 -203
-195 -180
-193 -185
-190 -183
-196 -203
-206 -217
-201 -200
-203 -210
-213 -205
-208 -199
-211 -189
-204 -189
-189 -175
-177 -188
-179 -189
-182 -197
-203 -215
-208 -205
-214 -207
-220 -204
-201 -195
-203 -206
-192 -205
-198 -197
-199 -196
-200 -181
-203 -195
-198 -200
-202 -206
-200 -206
-188 -207
-189 -199
-188 -193
-188 -193
-206 -211
-218 -201
-204 -201
-204 -204
-192 -182
-180 -187
-187 -190
-183 -203
-198 -205
-206 -205
-213 -211
-219 -203
-208 -222
-216 -223
-210 -207
-202 -198
-188 -176
-177 -169
-178 -182
-179 -192
-203 -196
-208 -209
-216 -189
-213 -187
-193 -217
-195 -212
-188 -237
-201 -232
-215 -203
-214 -190
-219 -173
-214 -174
-206 -179
-191 -191
-180 -218
-180 -210
-188 -219
-207 -213
-219 -184
-214 -192
-208 -173
-202 -182
-196 -211
-195 -211
-193 -232
-186 -222
-195 -198
-200 -198
-194 -193
-208 -183
-204 -188
-180 -182
-190 -191
-180 -219
-186 -222
-216 -223
-214 -207
-222 -196
-217 -199
-216 -196
-213 -194
-212 -194
-205 -194
-205 -194
-197 -187
-190 -204
-173 -195
-179 -197
-182 -205
-200 -197
-216 -206
-206 -190
-213 -204
-212 -195
-211 -201
-215 -214
-208 -201
-197 -208
-186 -210
-183 -204
-187 -201
-194 -188
-194 -183
-199 -193
-205 -195
-198 -211
-204 -197
-209 -192
-205 -197
-212 -199
-219 -217
-213 -207
-199 -196
-183 -201
-172 -185
-175 -198
-190 -210
-204 -195
-217 -187
-219 -193
-214 -192
-213 -199
-207 -211
-193 -210
-170 -207
-171 -207
-175 -207
-198 -202
-219 -208
-219 -198
-219 -184
-204 -179
-197 -169
-199 -192
-200 -212
-198 -218
-207 -227
-207 -217
-203 -217
-206 -213
-205 -211
-197 -191
-185 -177
-177 -182
-180 -180
-194 -191
-201 -210
-216 -204
-216 -204
-222 -200
-217 -212
-213 -212
-200 -201
-176 -193
-159 -177
-177 -178
-186 -189
-212 -211
-215 -213
-206 -205
-210 -210
-191 -198
-206 -202
-213 -201
-206 -197
-212 -189
-215 -195
-206 -191
-200 -199
-187 -210
-162 -202
-170 -213
-179 -205
-205 -201
-228 -195
-230 -186
-226 -187
-214 -175
-212 -183
-205 -193
-200 -204
-189 -240
-178 -238
-171 -234
-180 -220
-195 -195
-202 -192
-215 -180
-209 -186
-197 -180
-192 -191
-194 -190
-198 -194
-202 -211
-203 -211
-199 -210
-201 -199
-209 -199
-210 -189
-202 -199
-193 -205
-178 -201
-178 -206
-192 -206
-198 -202
-218 -205
-216 -202
-200 -189
-198 -173
-190 -175
-197 -182
-194 -186
-194 -186
-193 -206
-201 -213
-207 -197
-206 -208
-204 -203
-182 -195
-182 -199
-181 -206
-202 -199
-217 -201
-218 -203
-233 -194
-218 -210
-219 -191
-208 -208
-186 -206
-173 -201
-159 -218
-169 -210
-204 -213
-215 -212
-228 -206
-224 -187
-199 -175
-192 -182
-180 -175
-181 -205
-183 -220
-203 -206
-211 -210
-208 -198
-219 -202
-216 -205
-213 -204
-212 -185
-198 -164
-184 -172
-179 -186
-180 -221
-194 -222
-195 -228
-212 -223
-212 -196
-209 -193
-204 -190
-187 -189
-179 -186
-179 -204
-185 -191