-3 0
8 7
31 35
68 73
99 129
119 184
140 226
135 251
205 246
201 253
246 256
289 255
276 277
330 268
306 275
307 271
281 269
255 262
261 265
253 280
266 263
278 292
276 287
279 271
278 297
280 285
280 285
281 259
281 284
279 286
279 299
287 309
273 303
277 287
291 278
293 292
298 276
303 285
286 292
276 302
295 302
291 301
282 300
293 276
295 294
294 302
298 284
299 269
295 268
282 259
298 288
297 322
292 300
293 294
288 282
292 291
302 320
322 328
309 333
300 306
296 295
282 298
287 273
293 282
296 291
311 258
309 268
303 288
298 307
281 331
285 342
284 334
275 297
284 276
305 270
319 269
332 292
335 312
311 329
299 332
277 327
275 319
288 305
287 284
297 272
291 286
284 290
293 303
311 318
320 322
327 305
327 305
324 305
305 299
295 289
299 292
295 291
284 298
288 310
280 310
272 308
301 297
319 275
329 281
339 264
312 267
301 294
290 316
273 344
284 351
275 343
280 308
309 302
319 279
326 267
330 287
308 279
297 288
298 294
282 300
280 318
280 331
273 326
299 315
312 291
307 261
302 269
283 265
293 290
316 319
330 306
339 299
315 296
301 304
298 326
273 341
268 319
268 309
285 283
305 276
332 295
341 292
323 299
310 292
300 267
281 265
274 291
287 304
287 332
293 346
294 324
303 296
312 292
325 288
333 303
333 303
310 321
302 282
287 279
276 257
294 273
299 315
311 303
312 310
302 313
298 310
293 322
283 313
275 303
267 300
286 282
301 297
327 304
338 294
322 292
310 284
301 267
293 285
277 311
290 304
287 301
284 294
288 297
284 321
297 337
307 332
310 311
309 297
292 270
295 271
313 262
326 272
320 299
304 318
299 340
299 335
304 331
297 317
290 298
287 297
294 282
310 270
317 276
310 266
300 298
299 281
286 295
280 314
284 299
275 330
286 331
313 308
316 296
319 297
312 296
297 319
301 314
311 299
318 301
305 294
305 294
298 295
297 299
295 295
293 303
296 313
298 296
302 298
317 294
301 305
298 312
297 300
289 302
295 290
290 287
286 293
293 284
307 290
314 304
317 307
307 305
299 310
297 316
297 304
295 302
295 298
295 288
299 288
314 290
305 294
303 303
298 322
283 316
290 299
283 301
271 279
287 265
310 267
321 280
336 284
331 321
305 337
301 298
280 300
274 284
289 289
287 322
298 334
296 340
291 313
303 297
317 273
332 267
329 259
311 262
294 289
279 313
289 324
298 321
293 328
292 311
283 320
269 314
288 300
288 300
312 279
318 279
330 287
327 289
305 286
297 280
297 301
281 288
279 307
278 331
274 318
302 333
310 319
310 304
308 285
296 274
305 285
315 288
309 283
300 279
298 300
302 286
305 308
299 335
296 316
298 334
311 330
322 292
306 297
300 290
286 277
272 290
277 263
272 258
294 284
318 314
326 320
335 323
323 327
296 310
300 335
295 334
282 303
289 298
280 277
270 283
291 302
315 286
324 289
338 287
328 265
303 279
295 308
277 298
281 308
299 316
309 305
311 321
300 311
299 298
298 300
297 296
298 299
297 303
297 303
299 298
310 299
303 296
301 291
298 296
285 298
293 321
291 311
293 302
312 285
321 268
299 266
294 267
289 288
276 315
284 345
277 354
291 344
303 305
308 296
306 273
294 254
302 265
317 283
321 293
302 324
295 348
296 334
306 330
325 314
304 290
299 255
296 267
279 258
294 279
299 320
302 299
316 297
307 296
300 297
291 317
279 330
279 328
276 299
296 294
307 300
310 280
305 277
292 268
304 279
319 280
324 313
304 330
296 303
297 305
302 293
307 298
299 320
298 335
301 328
317 312
304 297
296 273
296 273
294 281
295 286
302 291
296 307
294 310
297 314
314 316
317 306
303 303
299 287
288 275
281 287
292 292
297 305
309 322
323 319
307 290
301 293
297 291
282 304
289 317
286 302
279 300
280 281
293 271
309 274
318 273
336 294
330 308
304 329
299 332
279 327
273 318
281 304
271 287
290 274
311 295
320 304
335 309
331 299
303 295
298 288
277 300
272 321
287 305
285 306
287 292
285 269
297 282
306 263
315 273
319 302
310 310
311 334
315 340
303 321
302 306
295 301
278 277
286 262
279 262
271 278
294 291
313 329
313 329
320 349
332 331
329 337
305 310
297 296
297 269
280 268
285 279
294 278
297 297
315 301
320 319
303 331
302 342
301 319
293 302
284 280
275 271
267 289
292 301
311 318
310 306
314 306
306 297
314 282
315 291
304 262
302 252
297 280
290 312
293 337
285 355
273 350
296 313
318 285
322 284
334 273
327 278
297 305
297 304
296 318
280 328
288 316
281 311
266 291
292 259
308 277
307 262
308 280
283 316
281 301
301 303
309 301
312 304
289 327
286 339
298 314
297 306
316 285
316 259
314 272
322 270
308 294
308 294
301 310
299 315
291 320
295 316
290 315
285 292
293 289
292 280
285 292
296 315
313 320
329 313
340 286
317 289
306 281
290 288
276 307
294 305
299 307
310 315
307 315
300 288
299 292
292 290
292 304
291 323
285 297
286 295
294 291
288 292
291 301
305 296
322 301
335 310
326 311
308 308
298 298
278 283
288 287
300 291
300 301
298 317
293 312
294 309
302 296
321 276
306 282
302 262
293 262
273 289
291 315
293 338
297 337
316 322
320 310
318 310
302 297
299 304
297 298
286 285
289 294
287 291
280 299
280 314
280 314
302 310
318 306
330 299
340 293
320 290
308 264
282 249
281 274
293 307
283 341
285 348
277 319
287 307
303 303
307 293
303 300
288 297
295 288
314 294
329 291
334 295
306 305
298 321
298 317
283 285
288 289
290 289
291 304
305 320
320 296
320 295
297 293
297 308
295 310
292 304
297 294
292 275
293 290
300 299
318 307
307 315
299 309
297 300
289 282
291 281
292 289
294 295
306 314
322 325
308 305
301 299
297 294
286 272
281 266
277 255
265 273
288 311
313 339
309 343
311 304
301 275
304 274
318 294
318 294
315 313
303 310
299 297
298 286
302 299
299 322
296 338
299 330
310 313
313 295
303 266
298 273
284 257
283 267
292 298
293 315
309 345
323 347
318 343
303 308
299 302
289 278
277 271
283 296
264 298
277 308
301 307
306 300
334 298
333 288
328 267
305 252
295 271
288 311
277 325
282 335
277 326
292 306
300 309
309 306
312 297
305 302
313 295
319 295
306 300
301 298
299 308
301 306
299 299
296 297
298 285
302 290
308 297
300 301
298 324
300 313
310 303
303 285
301 271
298 278
282 274
292 286
294 305
299 325
299 325
318 335
312 332
299 317
297 290
297 277
293 287
299 288
299 288
298 290
297 263
302 263
298 291
284 315
279 344
264 352
276 341
288 311
325 305
335 286
306 275
299 294
274 292
286 291
312 298
327 294
339 303
319 321
302 310
297 308
277 294
279 270
279 286
270 286
300 296
318 323
322 322
332 309
322 302
297 281
296 275
297 286
282 293
289 309
292 320
292 310
308 275
321 278
313 260
302 281
298 318
272 305
263 306
268 294
285 294
306 316
333 330
344 322
331 310
315 299
305 290
294 287
273 286
290 285
290 285
296 270
303 275
320 303
308 303
302 333
292 351
279 320
280 290
271 287
289 284
308 303
308 332
300 306
293 304
302 291
314 276
330 287
326 268
297 273
295 300
296 304
286 323
287 332
277 316
274 303
298 303
309 296
310 301
302 303
294 298
307 302
324 297
333 298
307 295
297 284
287 289
272 303
279 316
273 320
292 298
305 303
309 293
311 278
302 288
310 265
313 265
302 290
295 315
294 344
305 354
322 344
310 309
300 303
297 278
290 269
286 297
287 297
282 311
277 309
296 301
311 283
321 280
336 285
329 284
329 284
308 286
297 290
280 310
288 316
300 335
293 334
292 281
281 283
264 282
286 295
302 334
307 313
330 308
325 293
316 273
307 283
301 262
290 267
282 297
295 307
298 334
309 344
325 322
307 306
302 301
294 279
276 265
290 269
292 276
300 292
320 310
319 333
303 328
300 331
298 317
288 303
294 291
295 272
300 291
316 300
307 309
302 325
299 313
294 302
293 282
289 273
285 283
285 285
297 280
287 277
278 301
292 289
300 309
311 334
319 321
312 338
313 322
310 303
296 298
285 276
275 292
276 303
303 289
303 289
320 281
329 275
339 270
312 294
300 307
297 317
280 323
290 319
292 316
292 302
308 303
318 292
319 288
301 294
301 283
294 286
276 297
291 298
293 281
300 268
319 294
310 293
300 324
298 348
297 332
297 324
295 312
294 289
298 274
313 292
305 297
302 309
298 307
291 302
290 302
287 283
284 294
285 302
289 297
290 302
303 303
315 299
331 304
336 302
307 288
299 290
289 282
265 300
278 316
268 317
288 304
314 294
306 300
302 290
288 288
295 293
316 282
334 282
335 292
309 302
300 319
278 328
272 340
282 317
282 317
271 300
295 274
315 270
322 287
338 292
328 305
303 301
299 286
277 277
278 302
296 304
303 311
325 307
319 286
304 304
299 315
284 332
277 336
274 301
281 299
305 281
316 262
322 267
316 282
307 284
304 314
299 336
300 297
299 300
294 287
296 291
297 321
300 331
314 336
308 304
301 295
298 292
285 267
289 265
291 262
293 274
308 316
322 326
301 328
295 330
295 312
299 315
318 309
307 299
302 297
291 292
278 300
287 302
284 283
283 292
288 299
289 298
303 310
316 306
330 300
336 303
308 295
300 289
300 289
288 289
277 282
296 298
300 316
310 320
303 307
300 297
299 299
291 283
294 280
295 278
297 270
307 294
307 310
299 310
298 304
298 294
295 304
295 324
293 330
295 301
317 297
323 292
300 302
296 309
293 299
278 301
289 290
285 288
276 292
284 284
304 293
317 313
330 322
335 319
310 292
300 296
276 292
277 294
297 305
301 302
309 301
300 283
297 290
295 295
291 295
296 322
297 320
302 288
319 289
309 282
301 291
297 312
288 311
287 314
274 318
269 307
291 300
302 279
323 268
332 264
308 269
295 293
289 316
289 316
281 344
279 349
300 343
313 307
319 301
332 283
331 262
300 270
296 278
282 295
268 304
272 314
275 305
299 310
306 315
320 301
323 294
311 278
306 277
297 291
295 306
299 323
315 334
312 331
301 314
298 294
296 262
289 268
295 263
297 283
301 316
315 308
304 315
301 313
299 311
293 312
291 305
285 296
279 300
279 295
295 281
309 278
321 264
335 290
325 314
306 313
298 319
279 313
282 308
292 295
293 289
313 261
320 264
300 290
300 316
296 340
282 341
278 330
263 315
277 294
288 295
324 288
338 269
338 269
319 269
323 271
310 290
293 312
298 337
299 346
296 326
296 288
288 285
280 282
271 300
287 331
308 309
310 307
314 294
302 275
272 289
284 285
297 292
305 308
330 315
327 321
323 316
309 308
299 301
296 281
295 280
298 291
296 301
298 319
303 314
321 306
307 300
303 290
298 287
281 293
297 300
300 308
302 306
305 304
299 298
298 297
298 296
300 297
299 302
300 300
299 297
300 300
300 296
298 304
299 304
300 299
299 301
298 288
299 288
302 288
301 262
300 268
296 297
287 312
294 340
292 350
291 335
304 297
304 297
305 291
305 285
311 289
316 298
303 269
303 254
297 271
278 312
290 325
291 334
291 329
307 311
309 317
309 311
316 301
317 292
298 285
298 288
294 292
280 301
290 322
281 308
265 301
290 296
304 274
303 287
316 295
310 299
311 322
313 318
298 299
287 301
281 281
278 265
288 271
301 274
314 294
328 309
337 326
310 326
302 326
298 320
284 305
299 301
302 275
302 283
298 295
299 293
299 319
299 317
303 279
302 278
300 258
294 277
290 313
290 308
284 321
279 319
295 308
311 296
318 289
328 266
331 276
331 276
303 302
297 310
298 329
289 335
288 312
281 284
269 281
284 257
312 273
325 309
339 313
329 337
305 342
300 324
279 300
279 297
297 287
304 283
317 291
305 268
299 267
281 295
275 305
284 329
275 340
291 312
314 301
320 301
329 297
329 307
306 307
297 301
296 300
281 285
277 295
276 301
270 294
298 291
315 293
318 282
321 284
310 292
309 289
298 309
300 311
298 323
296 327
296 315
290 299
284 295
277 299
285 278
303 283
315 287
328 266
332 282
309 307
300 305
284 326
274 334
274 310
277 278
301 272
313 261
313 261
317 286
306 310
283 323
279 334
299 325
316 316
328 303
338 301
315 288
301 289
294 286
277 262
291 269
298 300
293 308
292 335
279 344
271 321
295 289
310 287
308 285
298 304
287 334
303 308
312 305
322 290
315 273
305 284
308 267
293 276
293 304
295 304
300 315
323 323
309 315
299 318
298 310
299 302
303 300
298 288
297 296
299 301
311 301
302 305
300 305
298 298
291 293
295 291
289 288
286 292
294 295
305 318
306 326
305 303
309 305
314 294
307 277
299 290
297 280
282 277
279 286
280 300
270 319
270 319
293 331
314 337
305 318
302 299
293 266
297 270
318 276
336 273
332 318
307 284
300 283
281 308
283 300
299 340
290 355
288 337
277 300
284 293
306 276
320 268
331 284
324 288
297 305
294 325
298 340
296 323
291 311
287 288
277 276
270 292
300 285
319 281
330 280
341 271
314 292
303 309
295 307
277 299
294 292
298 302
304 325
304 338
297 318
298 311
298 286
304 273
301 296
298 296
293 311
289 309
289 302
282 288
274 280
285 295
306 303
319 307
334 294
337 290
309 257
298 256
275 287
272 311
295 328
303 336
303 336
325 337
319 313
304 305
300 304
285 296
279 298
281 300
264 301
287 300
300 280
308 287
331 287
323 268
311 285
305 311
300 299
296 309
288 324
285 312
274 330
274 318
308 305
315 288
318 271
315 263
307 255
308 279
297 313
302 335
300 351
291 346
290 312
279 284
268 284
290 279
309 295
308 330
308 327
303 311
311 301
327 277
336 271
298 258
290 257
288 288
288 312
304 329
285 333
267 327
279 295
293 286
311 279
332 267
325 290
312 310
303 308
299 302
297 294
294 302
296 324
294 338
297 320
319 311
319 311
323 291
307 266
301 278
277 262
275 276
293 310
299 303
323 311
323 319
306 315
300 334
285 320
271 306
271 291
275 275
300 297
308 301
313 292
308 292
298 293
310 291
310 316
295 327
276 305
266 307
289 287
299 259
319 272
331 270
314 293
306 312
298 324
298 328
303 317
315 309
301 299
298 301
297 288
289 280
294 275
289 271
285 295
291 314
296 313
290 304
300 300
313 310
328 321
338 308
311 293
302 293
288 293
271 319
268 319
268 301
285 300
308 278
341 264
347 264
338 281
312 301
300 333
288 355
270 337
270 337
280 322
271 309
290 283
314 275
323 294
335 295
322 302
300 298
298 267
276 258
279 288
298 291
304 325
312 346
300 332
297 340
299 320
310 294
304 278
302 282
297 288
280 288
292 289
297 264
299 263
307 292
302 309
299 339
299 354
297 336
295 301
290 294
289 276
303 265
317 275
307 274
300 296
297 306
288 311
285 301
284 293
264 304
274 322
297 316
310 282
339 275
340 264
329 293
311 317
300 312
273 313
267 303
269 302
279 295
310 287
314 270
317 280
301 304
287 303
284 306
284 308
301 305
317 326
317 326
331 326
340 292
309 286
298 272
287 271
269 301
283 309
276 325
278 339
308 326
313 313
309 295
298 270
285 279
299 274
316 270
335 310
333 307
303 304
299 315
286 305
269 319
275 325
283 301
303 298
316 293
321 304
309 311
295 299
301 301
312 293
317 295
300 296
299 286
295 292
280 307
290 320
282 314
266 297
292 300
304 280
302 270
318 268
310 281
306 284
304 315
290 337
268 296
280 298
291 286
308 292
335 316
330 306
330 294
311 288
301 299
285 318
270 325
273 324
279 308
301 282
308 292
314 291
309 305
309 305
305 328
319 302
320 301
303 295
298 292
297 301
296 296
298 302
297 305
299 299
307 301
305 297
302 302
300 300
293 296
295 299
298 294
299 298
304 299
301 294
299 303
299 312
299 288
299 286
299 273
298 273
295 298
296 309
295 325
298 338
306 330
324 314
306 292
301 274
292 288
275 296
289 305
289 307
289 302
304 296
309 283
312 288
315 290
299 287
301 302
298 302
288 297
299 276
302 263
301 290
295 304
296 338
294 349
294 322
311 317
321 309
319 295
302 302
302 298
296 290
279 296
291 297
292 301
292 301
295 299
316 286
322 282
298 263
296 279
294 312
289 304
296 310
287 314
266 309
272 321
297 313
308 303
336 303
340 286
329 289
309 288
298 260
275 270
264 299
273 302
276 333
309 349
314 326
314 298
303 294
286 289
301 301
316 309
328 298
313 300
305 297
300 305
283 303
294 299
298 299
300 292
307 297
302 302
300 295
299 292
290 293
298 283
300 290
300 307
304 314
303 320
302 313
302 307
298 300
298 282
298 282
297 290
292 298
292 317
287 322
283 310
295 300
291 276
287 276
300 290
318 301
334 325
338 322
338 322
300 310
290 299
288 277
281 279
292 293
269 304
265 319
281 296
311 297
344 293
347 302
340 309
314 295
301 299
289 297
277 315
294 311
300 301
300 282
299 275
299 285
297 287
296 284
297 281
297 303
299 289
311 307
303 332
301 313
301 332
303 333
306 299
301 302
298 289
290 266
291 277
294 265
297 285
306 313
308 308
300 308
299 301
298 303
294 324
293 327
286 298
278 295
283 289
292 300
308 305
315 295
327 299
329 300
308 324
297 307
298 298
285 299
276 281
275 280
269 275
293 266
310 294
309 311
309 311
305 315
296 319
308 309
325 306
335 293
310 276
299 273
282 296
265 306
271 310
279 295
298 285
304 300
315 317
318 327
316 332
330 313
315 282
307 289
295 285
267 297
281 327
267 323
278 309
316 298
306 272
306 268
294 265
291 276
314 306
332 311
337 333
312 338
302 319
281 290
274 288
287 278
286 290
297 316
296 319
288 318
296 295
310 300
325 291
336 282
311 287
302 273
285 280
272 303
291 303
294 303
308 293
321 290
300 319
295 327
296 339
299 315
312 295
303 300
301 280
297 270
286 268
293 279
294 277
294 277
299 309
321 327
312 304
300 316
299 313
297 306
294 307
299 293
300 268
301 266
296 282
300 316
298 344
298 352
302 343
294 312
289 304
286 283
298 273
303 297
303 297
306 306
314 304
318 296
297 303
294 309
295 300
298 305
309 297
302 285
300 297
298 295
289 303
289 312
281 294
267 296
288 292
311 297
315 304
321 294
319 298
309 302
307 317
291 311
293 302
296 283
301 279
310 292
306 301
301 317
286 307
287 307
284 295
275 274
280 290
301 292
317 304
329 325
339 308
316 306
303 297
295 281
278 294
278 294
296 295
301 303
295 308
298 286
295 285
298 271
309 270
303 310
303 316
300 325
286 339
291 320
285 306
275 289
282 277
305 287
320 293
333 297
339 293
311 271
299 269
276 295
274 304
297 322
305 335
323 314
307 301
302 295
295 285
277 296
292 317
295 320
300 309
322 302
321 286
305 275
300 267
279 265
279 289
298 313
305 342
324 354
311 343
304 310
299 302
281 277
291 247
296 260
299 275
311 281
300 323
298 341
299 321
303 337
302 317
295 273
296 281
298 281
305 294
298 331
295 329
297 307
313 300
316 281
316 281
304 272
299 283
279 285
279 272
293 267
299 287
318 309
310 324
301 328
298 323
293 309
288 326
284 316
270 305
279 284
310 277
316 297
323 305
315 309
308 290
312 285
300 257
301 264
284 300
272 309
283 340
272 350
290 332
314 296
314 291
310 287
294 293
276 305
293 299
316 302
328 292
337 287
316 282
303 264
290 281
278 313
292 299
299 295
298 298
298 298
296 317
301 327
314 324
315 312
305 289
298 298
285 294
276 290
276 302
269 299
293 301
308 290
309 293
307 298
295 298
306 319
320 313
321 306
321 306
299 291
292 276
294 289
303 297
314 310
301 326
295 307
298 299
309 300
311 282
301 282
298 274
295 272
288 297
295 309
295 312
300 307
320 308
321 321
303 326
300 315
290 302
276 283
281 278
266 291
283 301
300 315
310 304
333 305
327 299
318 295
306 299
300 296
293 301
284 304
289 301
282 305
272 297
289 284
307 296
316 297
327 304
332 317
311 303
299 302
298 296
278 290
282 298
293 297
298 302
320 296
323 282
304 276
300 268
279 295
272 319
285 308
277 297
287 279
307 291
319 316
333 322
338 331
311 321
311 321
300 301
280 305
271 297
285 274
281 288
285 292
290 304
303 323
310 303
316 302
315 297
301 293
302 300
312 293
317 299
296 308
295 316
295 311
293 300
298 279
290 279
281 286
269 291
285 308
306 319
307 316
309 290
303 294
292 292
304 304
323 315
334 286
310 279
302 260
292 279
273 314
287 305
281 308
274 306
300 303
318 323
329 321
341 292
321 283
306 260
290 279
278 311
292 305
299 315
306 321
299 319
290 327
284 318
279 303
289 283
305 279
317 291
331 300
333 320
309 327
299 313
279 303
276 279
276 279
291 277
295 295
315 305
323 314
303 290
301 287
292 253
275 257
290 292
291 311
295 324
310 330
318 331
317 316
305 331
298 319
298 303
296 278
293 276
300 294
300 304
297 313
295 287
291 287
289 277
295 286
318 293
323 280
301 299
297 285
289 297
274 323
286 309
262 331
274 337
289 301
312 300
337 285
321 270
313 278
297 272
299 294
311 310
313 309
303 300
299 292
291 302
280 327
280 341
272 319
291 311
307 283
308 271
307 294
291 297
300 317
318 308
330 300
324 302
307 288
299 288
280 285
282 261
294 268
294 268
298 302
316 306
311 331
300 343
300 323
300 301
301 297
300 291
299 300
299 301
295 294
299 299
300 298
299 307
300 304
296 299
295 295
299 293
316 295
308 301
301 307
299 319
299 311
299 302
298 285
299 279
300 290
298 298
298 315
299 324
301 312
315 302
304 281
301 276
295 288
280 295
291 314
290 323
289 303
302 297
302 297
296 276
293 274
290 263
282 278
281 289
300 325
309 348
312 334
307 336
288 317
296 290
315 278
330 287
337 293
309 297
298 294
283 263
262 253
272 283
270 312
297 339
310 344
310 344
326 304
336 276
320 274
311 294
304 313
298 309
276 298
285 287
276 299
269 322
303 336
312 317
308 309
299 293
288 271
300 289
316 288
336 297
333 319
306 324
299 310
281 298
271 301
284 276
279 282
284 298
301 298
315 319
328 312
339 304
316 295
304 279
291 289
277 297
295 305
300 317
297 310
297 301
293 282
296 280
308 294
310 303
301 319
299 306
298 307
293 296
296 279
297 294
298 294
302 304
297 316
291 293
292 293
309 291
322 305
307 326
299 299
298 298
293 292
292 297
290 301
281 293
273 298
287 299
287 299
308 305
310 303
312 299
303 304
288 303
300 298
319 302
333 297
329 299
309 302
298 297
278 302
285 303
300 283
304 282
305 260
303 276
299 316
286 303
289 309
286 309
279 302
282 320
304 313
318 298
329 298
339 296
315 318
303 314
294 300
278 300
296 282
299 272
280 274
286 267
280 293
268 315
299 308
319 299
327 293
340 307
322 327
304 342
298 327
278 311
286 291
299 277
303 288
305 293
302 293
298 295
286 285
288 286
291 273
293 270
306 295
318 301
303 337
301 355
299 337
292 326
290 309
281 288
268 279
268 279
281 287
312 277
317 272
323 264
323 281
309 294
293 327
300 350
299 334
293 338
295 315
287 292
278 279
272 281
290 279
309 271
320 269
336 280
329 272
306 302
296 318
279 305
286 331
301 328
308 307
300 279
293 269
294 272
298 294
317 313
303 328
299 325
299 324
302 314
305 300
301 301
300 289
296 290
294 290
297 275
298 272
299 293
300 309
298 319
299 325
302 329
315 314
293 288
288 296
290 292
299 292
326 296
310 280
304 267
295 283
275 308
290 315
297 308
305 282
324 287
305 299
299 311
295 311
295 311
280 287
291 290
291 306
289 327
299 343
299 324
289 310
287 290
302 276
319 291
333 295
329 298
310 297
297 283
280 278
289 277
294 290
280 313
283 316
268 330
283 329
303 297
308 300
325 298
320 285
314 291
304 265
301 253
296 282
290 313
290 327
279 336
269 327
294 300
310 298
308 291
305 264
288 264
298 294
317 306
332 335
326 349
307 333
300 311
286 306
282 284
288 257
287 274
296 265
312 290
318 317
315 311
301 310
301 303
297 308
286 316
292 304
287 290
284 292
292 295
289 320
294 315
308 300
321 302
321 302
337 292
333 290
310 289
296 269
280 273
284 303
297 302
292 309
287 321
274 312
275 328
300 317
305 304
319 301
325 278
316 287
318 288
306 264
300 275
289 304
280 299
285 326
266 344
277 316
302 296
306 291
333 281
332 288
318 291
307 276
299 294
285 283
276 311
278 338
272 325
295 342
308 312
310 298
313 291
302 268
309 267
307 258
299 276
296 314
298 317
312 324
317 325
304 304
301 323
299 329
291 314
292 302
286 300
279 277
283 276
288 294
303 304
317 316
330 291
337 288
310 247
301 250
289 282
289 282
276 303
295 339
301 354
312 357
309 333
301 305
299 298
295 277
291 260
293 275
294 268
299 292
317 311
304 307
300 298
299 285
286 296
294 320
294 337
295 334
313 315
324 294
305 261
301 265
291 261
277 279
298 317
301 301
304 302
301 301
300 302
299 327
299 340
298 313
293 306
294 281
303 268
320 292
305 288
302 307
298 323
283 321
289 308
271 301
266 273
295 275
301 293
328 304
338 330
325 315
315 306
306 298
298 281
276 286
294 289
298 298
302 315
308 317
298 309
297 299
299 281
307 280
302 290
300 299
300 299
293 317
280 314
281 308
264 297
280 273
296 282
310 289
334 296
326 317
322 324
307 316
303 282
292 287
286 284
301 298
300 330
302 315
298 307
293 297
296 275
303 285
313 292
304 303
301 325
298 315
288 308
293 298
292 277
295 286
314 296
317 306
302 317
300 292
293 291
283 288
296 303
300 322
307 295
315 293
305 291
300 304
289 317
281 301
283 300
271 283
280 273
308 279
317 266
327 287
327 311
309 309
298 312
299 308
285 309
275 315
273 307
274 299
299 301
308 290
313 281
310 275
298 267
306 294
306 294
304 312
289 315
276 317
285 306
304 304
315 295
317 282
300 282
283 301
280 321
300 337
317 337
323 311
332 300
323 284
300 271
298 263
297 261
278 286
289 315
299 337
305 335
324 308
310 272
304 282
298 296
279 307
290 312
293 293
298 292
318 308
320 327
304 336
301 310
293 305
280 291
289 273
287 290
289 284
301 288
303 276
301 271
303 288
311 308
317 318
308 324
301 326
299 307
296 331
287 335
285 300
271 302
275 281
309 269
313 293
310 292
294 315
282 325
301 299
315 300
322 292
317 281
307 292
309 280
309 280
298 272
301 284
298 305
284 323
272 332
255 337
270 302
301 293
323 291
350 272
340 280
325 273
313 291
304 288
292 301
274 326
294 309
300 327
308 332
313 313
303 302
298 298
290 276
282 278
288 286
291 293
301 314
323 325
318 315
304 278
299 283
279 271
284 267
299 303
302 310
305 314
299 301
296 293
297 281
305 293
299 320
297 305
299 296
302 280
304 292
304 317
298 320
284 324
287 315
275 310
272 305
301 301
308 281
306 274
301 263
292 260
303 286
322 315
326 329
308 334
302 334
299 311
290 307
290 307
294 304
291 296
291 296
307 295
321 294
319 301
303 306
302 320
292 312
278 301
283 282
271 281
278 297
309 304
314 302
312 296
296 298
279 296
297 313
309 309
316 303
312 299
292 282
280 288
282 294
301 296
314 321
326 317
335 282
319 282
302 254
296 265
280 303
287 311
300 341
298 350
295 339
282 303
269 296
288 276
312 260
321 272
331 280
321 296
298 304
295 322
298 318
295 319
290 312
286 299
274 300
272 289
304 285
315 293
319 282
322 284
313 294
309 293
299 312
301 318
296 334
284 335
279 299
264 300
264 300
278 279
283 253
315 264
339 280
332 288
342 327
310 344
298 293
285 294
269 285
285 290
280 325
279 327
306 329
321 303
331 290
341 300
307 294
297 293
292 300
269 296
281 304
267 305
279 277
304 278
309 260
316 286
304 322
305 306
312 308
306 307
294 310
281 329
268 329
292 306
308 302
307 279
308 266
289 266
290 280
308 281
324 314
333 333
309 298
301 300
293 291
275 295
290 320
287 338
282 338
293 314
308 298
319 256
332 254
336 258
312 279
299 315
276 313
275 320
291 306
294 296
313 286
320 279
320 279
315 293
303 311
301 328
285 341
271 317
270 307
278 287
301 276
309 293
312 295
300 298
297 299
312 293
325 301
322 316
314 313
302 307
288 299
296 283
284 288
277 296
282 303
272 303
289 274
314 274
325 256
339 281
327 317
306 309
298 321
275 317
282 308
295 295
303 290
322 253
303 258
297 280
285 308
270 336
274 344
279 348
298 315
300 303
319 302
324 290
316 284
324 291
310 281
300 281
279 284
279 282
293 303
300 306
318 316
319 302
303 270
297 288
283 276
272 304
272 331
279 294
301 297
306 300
313 296
313 296
314 312
312 312
325 291
317 298
304 309
299 325
295 339
290 322
287 306
278 293
272 277
300 284
319 297
332 304
341 299
309 272
299 257
285 279
269 310
283 340
271 352
287 331
311 323
310 295
312 296
294 288
289 273
306 291
321 300
329 313
306 321
300 313
297 299
286 273
294 275
293 281
297 284
312 291
318 283
304 302
299 279
284 287
277 315
283 291
272 318
287 336
314 313
318 304
323 298
319 288
308 299
302 318
295 317
297 309
299 299
305 278
299 279
298 285
297 289
291 302
295 306
288 307
281 312
281 312
277 315
293 293
311 299
320 296
336 300
334 303
306 291
297 292
275 289
273 315
290 321
292 296
306 300
308 295
311 290
315 298
308 284
302 279
298 278
280 293
286 317
299 326
304 340
322 323
308 301
304 299
297 274
278 282
295 296
299 298
303 323
310 315
300 300
299 300
299 281
297 277
297 273
296 276
296 297
303 304
296 314
288 313
285 314
285 325
293 306
299 302
310 295
324 295
335 300
315 289
304 289
296 288
273 302
283 282
279 271
270 293
298 277
317 309
327 328
340 300
325 310
306 317
297 313
278 330
278 330
286 320
299 305
306 302
312 279
302 285
298 289
285 280
282 290
290 289
289 285
301 306
318 313
321 327
302 333
301 317
299 306
284 300
293 276
295 276
299 287
314 296
306 319
301 325
298 310
296 297
293 301
292 284
292 274
299 278
318 265
303 290
300 314
297 309
286 308
293 302
288 308
283 323
283 314
294 300
308 301
321 292
335 293
332 292
311 272
295 262
281 296
286 288
287 304
277 333
275 316
273 337
298 329
306 282
313 286
317 285
306 299
312 333
303 314
290 308
273 292
268 266
295 281
301 275
301 275
308 272
318 310
312 319
319 331
313 343
299 320
290 308
286 289
296 274
304 291
306 296
310 305
317 305
317 296
304 302
301 309
291 311
279 308
282 298
271 280
284 287
312 297
320 305
328 309
325 276
308 268
298 261
299 286
278 314
277 314
287 312
285 303
291 307
293 299
304 289
317 268
333 271
331 296
310 312
299 337
273 346
268 324
263 290
277 287
292 285
316 302
337 334
320 313
325 308
315 296
305 277
297 287
299 283
281 288
277 301
287 307
282 313
286 316
297 305
309 302
322 290
336 273
327 267
310 261
310 261
291 284
280 315
289 341
299 345
298 326
289 314
279 298
267 290
291 299
314 278
317 268
322 264
313 279
308 292
291 327
291 346
291 324
295 333
320 308
325 293
305 301
298 280
280 263
269 267
280 277
271 292
289 310
313 321
318 313
327 320
327 321
314 293
297 286
299 254
282 257
271 295
286 313
280 341
287 343
309 325
321 313
330 305
339 285
312 293
301 292
294 304
275 316
287 301
292 302
300 284
320 274
318 278
305 270
299 294
277 315
276 305
284 297
280 281
284 292
294 320
310 333
314 340
323 308
323 308
316 297
306 293
310 270
298 265
301 257
291 272
272 312
282 331
269 341
286 336
310 304
307 288
312 282
302 259
302 271
315 305
310 308
297 331
285 338
272 314
287 287
311 285
321 271
336 270
333 312
305 315
299 321
283 334
270 324
273 302
276 297
301 273
302 271
306 286
309 292
305 314
324 320
333 320
310 300
301 305
293 293
277 274
290 288
290 280
293 282
312 289
321 290
309 311
300 312
299 324
298 327
295 316
294 298
293 297
295 299
314 276
317 286
304 285
299 264
279 277
278 306
292 300
296 319
317 336
317 336
325 321
309 318
301 311
297 299
281 280
284 286
288 296
287 303
299 308
306 285
307 279
312 259
313 278
300 310
301 311
300 330
288 331
291 316
281 292
270 288
294 278
316 287
324 293
335 280
323 299
295 289
295 311
287 335
275 323
275 340
282 318
297 303
300 291
314 270
314 284
310 284
315 275
302 286
295 310
296 302
305 299
317 302
305 297
301 309
297 303
287 295
294 284
298 294
302 321
316 326
303 331
299 316
300 288
298 296
300 293
300 295
299 303
299 294
295 299
293 303
297 311
303 306
318 300
318 300
304 301
300 289
296 294
284 300
298 299
300 309
301 306
304 299
299 300
299 290
299 293
299 299
299 300
299 313
300 308
303 302
299 296
298 288
299 300
300 304
298 292
298 278
297 274
297 265
298 293
298 318
299 311
304 305
301 299
300 308
299 324
297 316
293 301
288 301
287 284
293 279
313 279
317 266
303 289
297 314
298 307
298 302
295 296
301 303
301 327
301 339
303 316
298 309
298 288
299 260
301 275
300 266
299 290
297 316
297 311
295 312
290 304
287 308
294 313
292 302
291 271
302 257
316 279
331 313
331 313
331 340
309 345
300 307
281 281
277 274
290 292
295 321
313 333
324 340
311 310
300 298
297 292
281 274
282 289
287 299
282 306
286 317
302 310
315 301
326 287
338 278
318 268
305 262
288 288
275 312
293 343
301 358
313 344
312 317
301 308
298 281
292 275
289 297
298 280
298 273
300 271
293 272
293 295
296 315
301 311
318 297
304 299
299 313
298 329
289 323
295 304
297 300
301 275
312 279
305 287
300 264
282 273
275 302
285 293
280 317
277 339
299 324
305 321
305 311
319 299
313 284
312 286
306 288
306 288
298 291
293 304
297 320
313 315
318 284
304 286
298 248
281 249
276 285
286 306
282 337
281 352
301 354
312 325
310 299
311 295
290 287
276 283
295 300
313 298
321 303
327 305
318 290
305 288
298 254
298 252
280 290
280 311
283 327
268 335
294 331
302 309
313 306
337 303
330 294
327 303
308 313
301 294
287 297
279 291
291 294
291 304
299 300
317 303
320 291
308 269
301 261
296 270
279 265
281 308
283 322
273 299
292 313
314 308
319 303
329 315
328 308
311 284
300 271
299 275
277 295
277 303
288 314
288 312
288 312
299 316
294 329
297 313
309 308
324 295
335 280
317 291
305 284
293 286
277 279
295 274
299 297
294 293
291 324
281 347
268 332
288 328
315 313
318 296
322 269
309 279
303 277
309 278
300 297
301 305
299 322
290 331
291 329
284 314
272 293
278 276
305 287
319 294
330 294
332 293
305 269
299 263
292 289
276 308
291 337
296 353
306 333
323 305
313 299
302 285
297 271
276 288
279 277
282 273
270 288
288 305
310 324
312 337
313 335
304 315
284 292
295 276
314 284
330 294
333 297
311 295
300 270
276 263
276 263
277 289
295 306
302 335
325 352
320 335
304 313
299 307
287 284
278 254
282 270
270 268
274 294
306 319
303 312
313 302
324 296
316 308
323 327
309 328
304 289
298 285
284 274
294 278
296 298
300 288
316 306
307 314
304 327
301 335
285 316
291 304
286 295
280 266
286 271
287 275
298 270
312 309
327 316
336 324
311 336
303 327
292 302
276 298
290 281
291 272
299 290
319 300
318 320
303 324
301 312
296 300
284 276
295 276
298 288
302 297
309 321
300 327
296 305
298 298
306 295
300 274
299 273
297 260
286 278
286 278
293 299
292 334
292 353
304 338
316 332
320 312
310 292
301 280
298 285
278 279
280 273
290 270
295 278
316 296
323 307
304 320
302 315
298 319
282 318
290 303
287 302
281 284
283 274
287 282
301 263
314 280
329 310
337 309
313 324
300 327
298 315
284 304
284 300
285 293
277 302
284 300
308 297
320 301
329 299
335 308
309 304
299 297
296 302
274 304
280 290
275 292
271 288
304 303
313 325
306 304
297 304
283 294
295 278
312 294
322 290
325 296
315 313
302 323
296 317
299 284
298 290
292 289
297 304
297 304
296 331
302 303
319 301
309 292
301 280
296 295
284 287
290 291
295 305
300 320
314 315
315 284
305 286
298 275
272 277
271 296
269 294
278 311
309 323
307 335
316 319
316 304
312 285
319 272
308 282
302 280
292 282
278 292
289 313
289 321
291 339
301 332
290 303
290 300
305 274
317 272
332 290
331 258
298 274
295 287
291 306
276 331
282 337
275 339
287 306
307 289
314 283
308 259
284 271
277 308
299 303
311 318
311 329
304 319
292 318
304 311
325 301
337 295
323 288
308 290
294 295
279 301
292 321
299 304
299 304
291 297
294 299
294 279
297 291
313 295
311 290
300 313
299 325
299 306
296 305
297 298
296 282
299 293
314 295
302 304
297 320
297 308
300 308
314 298
303 281
300 294
296 294
283 303
290 314
286 292
283 293
296 291
290 304
287 317
302 279
313 278
325 257
333 280
312 317
299 308
299 321
283 318
280 306
279 294
263 289
288 274
300 273
306 291
332 309
327 320
322 324
311 327
304 316
298 298
283 302
289 297
286 280
283 292
299 297
302 304
298 309
285 288
281 287
296 250
308 252
321 285
331 305
321 351
321 351
299 364
295 355
298 330
300 318
307 295
302 294
299 279
295 275
284 296
291 304
291 302
293 301
315 302
322 283
308 278
301 272
297 269
279 294
283 311
287 311
281 300
286 292
290 303
304 317
313 310
321 281
327 269
316 275
293 292
297 310
296 327
289 321
293 322
283 311
271 301
288 300
312 281
317 272
321 265
311 278
306 286
311 326
300 341
301 318
300 328
292 318
294 303
285 302
272 299
280 277
308 283
318 292
326 299
330 320
318 328
296 307
298 299
293 298
279 273
291 264
287 257
284 275
291 295
287 337
287 337
300 353
313 336
315 337
321 312
307 293
299 279
308 282
313 286
298 285
298 284
297 269
285 284
294 308
293 298
291 297
307 298
319 297
316 322
301 327
300 326
298 309
286 283
294 293
296 292
302 303
319 313
309 298
302 300
298 296
285 302
288 305
289 299
287 290
296 288
305 294
309 301
314 309
318 305
302 304
301 297
295 294
279 295
291 297
291 302
293 293
310 285
319 280
314 265
302 286
299 316
281 305
268 300
267 291
280 294
296 320
313 338
335 339
329 315
324 302
310 278
302 274
287 289
277 299
277 299
294 321
299 312
312 305
313 298
303 285
298 288
285 293
284 301
290 310
290 298
302 301
319 296
321 301
304 303
302 294
299 299
281 300
293 313
299 309
302 301
320 290
306 282
302 265
298 253
281 278
296 313
301 324
304 336
316 332
302 317
299 337
298 318
296 304
298 289
295 274
297 295
304 302
305 298
299 295
299 301
296 296
291 300
290 304
283 298
275 294
287 290
303 300
316 304
331 294
341 283
314 274
303 268
282 294
272 317
293 308
299 292
315 280
309 295
300 306
298 313
297 303
296 298
296 310
299 326
299 326
301 320
316 302
302 302
298 293
297 290
286 298
296 294
297 303
300 310
313 286
305 281
303 260
293 276
274 310
289 305
288 319
289 323
300 313
288 306
291 300
306 293
318 302
336 311
332 300
303 297
298 294
280 304
270 310
281 299
270 301
291 289
314 282
317 290
324 264
321 269
308 299
294 309
300 337
299 347
288 332
292 304
284 299
273 285
278 271
303 288
318 263
334 264
340 292
310 317
299 341
283 340
267 303
271 285
271 266
296 268
304 311
317 306
326 325
317 338
320 318
307 305
303 302
299 295
299 295
290 300
299 300
300 298
302 302
300 293
297 291
298 292
297 283
302 290
297 303
292 301
296 276
308 262
307 289
299 300
298 337
300 352
305 331
300 327
295 298
298 294
308 285
309 269
303 263
298 259
279 282
286 314
296 337
300 329
320 308
319 286
303 301
299 322
292 337
280 322
282 305
267 289
280 276
306 294
308 293
311 282
299 266
294 259
308 274
316 315
301 326
288 329
273 328
272 305
305 303
312 300
310 290
297 300
287 315
302 304
310 306
320 298
311 284
294 294
297 295
306 302
316 311
320 297
301 297
301 297
299 293
293 302
278 304
286 299
273 300
276 281
304 288
311 294
313 288
301 309
283 324
298 310
317 305
332 300
338 289
310 288
301 290
287 294
273 306
292 321
298 308
311 301
321 291
305 273
299 264
283 254
274 276
287 312
286 325
290 334
295 332
308 316
319 329
331 317
339 303
313 285
303 277
289 288
278 297
297 313
300 318
299 310
294 301
290 281
291 282
307 295
323 305
308 318
301 301
297 301
286 295
287 292
285 301
276 299
278 300
303 287
318 292
329 298
338 299
313 325
300 314
296 300
274 300
274 300
282 277
283 286
276 299
288 299
303 317
316 312
325 304
338 294
325 279
303 283
294 278
279 276
284 297
293 321
288 331
284 344
274 317
288 302
308 286
317 270
320 286
311 291
307 303
309 321
301 322
301 293
296 296
282 290
295 285
299 299
302 291
304 296
300 308
299 324
300 309
304 302
299 292
299 275
298 293
299 303
303 309
302 304
300 305
293 298
297 288
298 295
300 296
298 302
296 305
297 289
299 289
306 281
301 287
299 286
294 273
290 292
297 284
298 317
303 342
308 327
297 343
291 318
292 303
309 292
309 292
322 276
305 294
301 304
298 306
292 295
293 296
290 292
288 304
289 312
291 299
281 301
292 293
300 291
299 297
314 290
312 298
314 317
331 322
315 310
303 302
298 282
280 278
288 294
295 302
300 313
318 295
316 293
304 288
298 302
283 326
279 310
272 309
272 291
299 265
304 282
314 259
318 264
307 299
307 314
296 341
278 340
268 324
291 311
299 296
317 270
330 275
319 263
313 288
302 317
299 313
299 316
307 308
297 308
291 304
293 297
303 253
320 243
306 273
301 300
287 342
273 347
271 305
280 283
280 283
298 268
303 280
314 315
315 301
312 297
326 300
317 296
304 313
300 307
290 287
291 282
298 297
299 321
306 328
302 331
296 309
298 293
300 300
303 280
299 268
298 270
296 278
293 294
299 307
300 323
302 316
304 321
299 318
299 300
299 301
301 294
298 292
298 300
297 296
299 304
297 306
293 279
297 278
309 261
306 286
299 318
298 310
300 318
308 317
301 318
297 315
299 309
307 301
308 300
299 289
297 292
297 298
296 300
294 317
288 311
286 301
298 283
308 278
314 287
315 289
301 282
302 276
297 297
278 286
278 286
292 314
295 340
299 327
321 339
325 320
306 303
302 275
282 277
275 295
294 304
300 311
318 273
318 266
306 264
298 291
277 313
281 313
291 310
292 307
309 314
316 302
318 294
308 279
301 277
298 285
278 299
282 319
291 331
291 343
305 317
309 303
311 282
314 275
305 296
299 305
299 313
298 291
294 290
299 284
299 297
297 325
292 322
285 309
274 298
270 269
303 273
317 284
325 287
332 298
319 286
299 302
298 308
280 324
258 335
262 315
281 304
302 291
337 263
347 263
334 268
326 293
301 310
298 323
298 323
275 332
277 325
296 318
304 305
324 303
308 282
301 271
295 268
277 274
293 292
299 311
301 329
304 325
296 328
291 319
290 304
306 302
319 281
320 276
301 271
300 276
285 295
270 307
273 316
269 309
294 312
302 313
324 290
335 281
319 265
308 287
302 314
298 307
288 306
295 303
296 306
299 326
312 326
312 292
303 287
298 276
281 283
282 294
287 283
283 302
291 307
287 319
296 323
310 312
316 312
329 302
326 302
310 299
299 304
300 298
287 298
267 301
269 290
271 288
295 293
305 284
318 289
325 292
316 282
316 282
321 293
306 303
300 318
299 306
291 286
297 283
299 297
298 318
300 307
297 290
298 283
299 297
305 316
299 310
297 288
297 282
304 296
299 306
297 313
298 299
300 296
296 310
289 328
282 329
269 296
287 293
307 290
311 304
318 320
317 288
304 284
306 260
310 263
300 309
301 304
292 328
276 344
276 322
275 302
294 300
304 293
314 293
323 301
314 291
321 294
308 302
301 322
298 313
297 298
297 301
293 285
297 278
302 282
315 267
305 288
300 314
293 307
283 305
285 300
278 303
274 325
302 332
310 303
310 303
304 299
305 293
302 289
312 300
330 290
331 291