-2 0
-15 -13
-33 -34
-77 -76
-121 -129
-166 -173
-220 -222
-253 -260
-295 -291
-295 -291
-316 -313
-329 -333
-349 -325
-351 -329
-352 -346
-359 -351
-335 -376
-326 -375
-325 -354
-335 -357
-364 -362
-366 -378
-371 -381
-375 -362
-377 -354
-387 -340
-400 -344
-391 -376
-363 -364
-348 -382
-330 -380
-338 -379
-353 -394
-381 -358
-404 -381
-381 -353
-373 -370
-373 -387
-363 -388
-379 -394
-405 -384
-378 -403
-385 -372
-382 -389
-383 -374
-404 -382
-388 -395
-402 -397
-385 -393
-388 -391
-407 -390
-379 -390
-400 -390
-387 -392
-395 -373
-410 -366
-384 -400
-401 -364
-377 -403
-389 -410
-397 -389
-401 -406
-407 -398
-404 -389
-390 -398
-384 -396
-382 -399
-391 -394
-389 -397
-394 -398
-385 -397
-381 -402
-416 -401
-416 -401
-402 -376
-410 -380
-407 -393
-381 -378
-395 -412
-388 -402
-391 -387
-415 -402
-399 -393
-415 -396
-407 -408
-384 -398
-397 -393
-378 -396
-383 -396
-405 -391
-384 -411
-417 -396
-390 -401
-390 -395
-399 -395
-387 -394
-420 -397
-399 -410
-415 -394
-404 -416
-388 -398
-404 -388
-389 -391
-404 -402
-395 -381
-403 -391
-401 -413
-404 -367
-395 -384
-393 -402
-383 -394
-383 -407
-415 -425
-390 -397
-415 -393
-403 -396
-394 -398
-407 -394
-406 -394
-393 -406
-397 -400
-384 -404
-387 -400
-413 -397
-396 -400
-417 -399
-410 -403
-381 -398
-397 -401
-381 -391
-389 -390
-404 -393
-396 -390
-411 -416
-394 -397
-406 -415
-397 -401
-403 -389
-403 -389
-403 -400
-403 -395
-415 -397
-392 -407
-400 -400
-393 -399
-389 -400
-406 -391
-393 -398
-401 -402
-398 -399
-401 -402
-404 -400
-402 -394
-389 -394
-390 -403
-390 -392
-388 -402
-416 -385
-396 -383
-412 -415
-396 -382
-393 -412
-413 -407
-404 -392
-403 -410
-402 -395
-379 -403
-392 -396
-402 -399
-396 -395
-410 -403
-405 -392
-394 -396
-402 -404
-389 -388
-394 -413
-397 -387
-397 -407
-419 -376
-403 -362
-403 -403
-401 -396
-389 -413
-393 -427
-413 -409
-392 -379
-408 -397
-397 -374
-394 -386
-409 -378
-401 -369
-406 -401
-407 -398
-385 -410
-392 -428
-399 -396
-386 -385
-418 -390
-401 -393
-397 -389
-406 -398
-386 -417
-386 -417
-402 -396
-394 -410
-398 -399
-399 -390
-403 -399
-404 -397
-405 -395
-399 -405
-396 -395
-395 -404
-396 -397
-400 -399
-401 -399
-393 -401
-391 -400
-397 -394
-385 -394
-415 -397
-389 -391
-405 -400
-417 -408
-395 -390
-419 -421
-408 -390
-386 -398
-405 -402
-380 -392
-392 -409
-403 -396
-392 -405
-414 -401
-404 -393
-393 -396
-404 -401
-380 -396
-389 -408
-403 -400
-391 -398
-410 -399
-406 -395
-393 -398
-402 -401
-388 -398
-394 -400
-394 -398
-396 -400
-418 -398
-405 -403
-399 -397
-400 -399
-377 -389
-391 -391
-412 -404
-398 -393
-409 -416
-403 -397
-388 -404
-402 -401
-395 -392
-397 -398
-399 -400
-393 -397
-410 -402
-400 -398
-400 -398
-403 -402
-407 -397
-381 -401
-390 -398
-389 -400
-384 -399
-416 -401
-404 -396
-403 -397
-409 -385
-383 -379
-397 -413
-389 -373
-390 -398
-417 -413
-394 -365
-416 -386
-401 -401
-397 -397
-412 -412
-405 -428
-401 -409
-403 -368
-389 -395
-396 -366
-396 -385
-397 -400
-407 -397
-402 -399
-401 -397
-399 -397
-386 -398
-393 -394
-404 -394
-392 -384
-420 -378
-406 -413
-395 -372
-407 -394
-382 -410
-394 -363
-403 -390
-395 -408
-415 -384
-404 -409
-395 -418
-402 -398
-389 -394
-399 -403
-405 -384
-403 -399
-400 -373
-400 -365
-389 -392
-393 -371
-398 -408
-392 -413
-418 -398
-403 -398
-401 -403
-407 -389
-379 -401
-394 -381
-394 -381
-393 -384
-391 -392
-416 -381
-403 -416
-404 -401
-405 -398
-376 -407
-390 -376
-397 -389
-393 -385
-406 -382
-402 -413
-391 -393
-399 -415
-402 -394
-399 -396
-404 -389
-400 -391
-394 -400
-400 -387
-401 -418
-399 -398
-405 -398
-403 -400
-390 -389
-392 -396
-384 -400
-378 -393
-412 -407
-413 -392
-420 -401
-413 -409
-404 -398
-378 -365
-394 -352
-389 -370
-389 -341
-418 -391
-396 -412
-414 -393
-403 -422
-388 -397
-405 -389
-390 -385
-403 -379
-397 -396
-400 -397
-397 -393
-397 -403
-400 -390
-397 -393
-413 -404
-408 -397
-402 -411
-404 -407
-386 -383
-392 -390
-406 -386
-398 -387
-412 -413
-406 -399
-389 -409
-397 -407
-390 -374
-390 -374
-388 -386
-415 -374
-390 -377
-407 -413
-387 -393
-377 -417
-406 -400
-406 -389
-419 -399
-411 -393
-404 -395
-378 -403
-393 -395
-387 -401
-384 -397
-413 -398
-396 -396
-414 -398
-406 -383
-403 -382
-394 -412
-395 -370
-397 -391
-396 -408
-405 -389
-403 -408
-402 -421
-400 -394
-398 -394
-400 -396
-396 -396
-399 -394
-396 -405
-398 -392
-401 -392
-396 -377
-408 -369
-405 -406
-392 -391
-397 -412
-399 -416
-390 -399
-419 -396
-408 -409
-393 -381
-402 -393
-375 -390
-386 -388
-407 -394
-393 -395
-416 -374
-406 -364
-389 -399
-404 -395
-383 -411
-392 -429
-417 -411
-395 -383
-421 -403
-394 -374
-389 -387
-395 -377
-392 -370
-392 -370
-415 -405
-401 -395
-412 -412
-406 -421
-388 -407
-402 -380
-381 -390
-389 -373
-404 -384
-392 -401
-416 -398
-405 -419
-394 -400
-408 -396
-380 -402
-389 -384
-393 -399
-383 -374
-416 -372
-395 -396
-411 -366
-399 -408
-397 -404
-400 -389
-400 -411
-404 -391
-402 -406
-409 -386
-393 -390
-408 -417
-388 -390
-399 -417
-406 -392
-400 -394
-410 -402
-407 -393
-386 -418
-394 -402
-382 -378
-387 -390
-418 -368
-398 -382
-420 -405
-404 -395
-384 -409
-408 -401
-392 -375
-405 -378
-399 -387
-396 -372
-385 -411
-387 -392
-409 -398
-392 -388
-424 -388
-407 -420
-390 -392
-404 -418
-378 -394
-394 -390
-414 -389
-401 -389
-409 -413
-405 -399
-405 -399
-381 -406
-398 -397
-386 -389
-386 -393
-413 -405
-383 -395
-411 -409
-416 -395
-390 -400
-418 -390
-401 -393
-391 -373
-407 -362
-385 -400
-400 -383
-394 -408
-396 -414
-410 -395
-405 -394
-399 -398
-402 -396
-388 -397
-396 -399
-390 -397
-393 -404
-411 -401
-395 -402
-418 -404
-408 -393
-380 -404
-396 -372
-380 -379
-389 -388
-410 -373
-405 -416
-403 -395
-400 -401
-387 -391
-392 -387
-400 -415
-398 -395
-420 -413
-412 -403
-393 -389
-393 -404
-380 -394
-390 -405
-391 -402
-398 -405
-403 -407
-387 -366
-422 -379
-399 -356
-400 -372
-406 -414
-388 -401
-403 -403
-397 -406
-402 -373
-396 -388
-400 -389
-384 -385
-390 -409
-390 -409
-411 -395
-400 -411
-410 -401
-405 -399
-376 -407
-389 -386
-395 -402
-396 -387
-421 -394
-413 -399
-402 -388
-390 -418
-381 -393
-393 -412
-394 -400
-403 -399
-418 -400
-391 -400
-418 -407
-397 -390
-395 -405
-398 -388
-397 -401
-400 -400
-400 -402
-399 -404
-400 -404
-400 -383
-398 -388
-403 -386
-400 -384
-400 -411
-399 -399
-397 -402
-400 -404
-409 -375
-408 -384
-401 -392
-395 -381
-395 -408
-394 -402
-409 -388
-394 -404
-406 -381
-383 -389
-394 -387
-392 -386
-387 -404
-417 -397
-392 -405
-413 -400
-400 -372
-396 -371
-403 -387
-401 -367
-395 -412
-396 -390
-388 -392
-387 -395
-415 -389
-393 -409
-420 -395
-402 -407
-390 -398
-390 -398
-402 -396
-392 -405
-405 -391
-398 -406
-403 -397
-385 -400
-389 -391
-394 -390
-385 -392
-415 -387
-393 -417
-407 -392
-395 -416
-396 -392
-400 -388
-392 -404
-413 -392
-397 -415
-402 -396
-402 -406
-391 -401
-402 -388
-399 -396
-403 -401
-387 -392
-389 -409
-397 -392
-386 -394
-415 -399
-401 -388
-398 -415
-406 -397
-389 -399
-403 -395
-395 -396
-397 -391
-405 -405
-398 -401
-408 -405
-408 -382
-390 -372
-397 -397
-388 -360
-389 -390
-417 -410
-403 -401
-418 -413
-408 -427
-390 -402
-402 -379
-380 -398
-392 -381
-401 -390
-392 -410
-417 -395
-399 -411
-398 -399
-405 -393
-392 -393
-404 -396
-395 -383
-397 -384
-393 -416
-396 -366
-396 -366
-413 -377
-407 -393
-400 -385
-400 -417
-375 -437
-379 -407
-408 -372
-388 -381
-416 -359
-400 -382
-395 -412
-401 -391
-400 -416
-406 -391
-403 -393
-389 -403
-391 -397
-389 -406
-384 -398
-414 -394
-384 -398
-397 -367
-400 -367
-382 -390
-416 -364
-392 -408
-399 -396
-402 -392
-392 -408
-415 -394
-401 -412
-403 -401
-409 -362
-382 -370
-395 -375
-384 -367
-386 -410
-419 -399
-392 -396
-414 -401
-385 -396
-379 -403
-411 -386
-396 -400
-423 -365
-398 -362
-392 -389
-383 -374
-386 -408
-422 -417
-400 -398
-424 -396
-406 -400
-382 -390
-404 -397
-389 -369
-402 -362
-388 -386
-392 -380
-382 -405
-386 -422
-420 -399
-395 -389
-395 -389
-422 -400
-400 -389
-390 -398
-405 -379
-387 -372
-403 -390
-391 -381
-398 -401
-406 -423
-400 -384
-412 -396
-404 -413
-395 -388
-403 -415
-391 -389
-399 -394
-407 -373
-403 -364
-400 -400
-399 -397
-380 -406
-385 -422
-410 -390
-392 -388
-419 -396
-398 -396
-394 -405
-394 -394
-393 -407
-405 -397
-399 -397
-402 -400
-403 -393
-392 -400
-398 -367
-396 -365
-399 -387
-407 -372
-403 -406
-402 -419
-399 -395
-392 -395
-397 -399
-396 -389
-396 -399
-409 -401
-403 -402
-402 -392
-401 -403
-385 -376
-390 -382
-406 -394
-395 -380
-416 -412
-404 -400
-391 -397
-403 -403
-390 -369
-401 -377
-402 -383
-401 -370
-398 -411
-399 -388
-399 -388
-396 -396
-399 -397
-402 -383
-400 -419
-404 -390
-403 -405
-396 -397
-401 -394
-388 -407
-389 -400
-416 -403
-394 -401
-421 -382
-414 -387
-382 -394
-400 -386
-380 -413
-389 -393
-406 -409
-400 -398
-418 -396
-407 -398
-392 -404
-399 -402
-377 -398
-386 -402
-414 -391
-393 -397
-420 -402
-397 -397
-394 -406
-394 -396
-398 -397
-409 -399
-405 -397
-398 -412
-393 -397
-389 -410
-387 -405
-418 -376
-403 -389
-401 -378
-402 -383
-384 -411
-399 -399
-410 -407
-407 -400
-393 -395
-395 -399
-385 -397
-388 -399
-416 -361
-403 -355
-401 -375
-401 -374
-386 -407
-397 -423
-418 -400
-405 -386
-403 -396
-402 -395
-380 -392
-396 -408
-408 -394
-408 -394
-403 -398
-407 -382
-404 -377
-386 -410
-393 -382
-391 -405
-390 -418
-419 -388
-384 -410
-403 -395
-391 -393
-381 -389
-418 -390
-394 -418
-411 -395
-395 -422
-393 -405
-407 -385
-402 -407
-408 -372
-405 -385
-390 -404
-395 -385
-377 -413
-380 -402
-396 -388
-386 -403
-418 -395
-406 -405
-383 -395
-394 -398
-376 -384
-389 -388
-413 -402
-408 -389
-399 -417
-393 -397
-379 -403
-386 -402
-409 -388
-398 -398
-416 -399
-406 -396
-390 -403
-403 -395
-383 -401
-390 -393
-401 -400
-392 -406
-419 -405
-399 -400
-411 -397
-405 -389
-387 -389
-405 -413
-388 -395
-403 -414
-401 -399
-402 -390
-394 -400
-395 -394
-394 -397
-393 -402
-393 -402
-415 -396
-402 -406
-404 -398
-405 -403
-385 -402
-399 -394
-386 -403
-387 -390
-412 -396
-393 -405
-417 -396
-409 -408
-385 -401
-404 -394
-380 -401
-388 -393
-407 -398
-393 -403
-420 -397
-408 -408
-389 -400
-402 -403
-387 -403
-396 -398
-412 -403
-402 -395
-399 -397
-399 -400
-391 -397
-397 -405
-412 -396
-406 -402
-399 -392
-404 -394
-383 -399
-394 -384
-406 -418
-393 -385
-420 -401
-398 -418
-404 -394
-400 -418
-395 -399
-401 -392
-396 -400
-405 -392
-394 -395
-405 -404
-392 -395
-400 -405
-401 -393
-400 -393
-407 -401
-405 -387
-389 -424
-394 -400
-390 -402
-388 -405
-417 -382
-402 -399
-400 -400
-404 -397
-387 -406
-402 -399
-402 -399
-399 -395
-403 -398
-397 -399
-398 -397
-390 -403
-387 -400
-394 -395
-379 -401
-411 -356
-412 -358
-411 -375
-411 -369
-405 -413
-374 -409
-391 -404
-398 -386
-387 -393
-419 -383
-401 -385
-398 -413
-409 -394
-389 -419
-405 -404
-387 -363
-394 -386
-390 -370
-388 -381
-418 -384
-389 -380
-414 -392
-403 -381
-396 -411
-411 -403
-407 -390
-394 -405
-399 -386
-388 -397
-393 -387
-403 -389
-401 -411
-408 -397
-407 -417
-400 -408
-400 -382
-392 -393
-394 -372
-388 -381
-391 -401
-402 -397
-391 -408
-421 -405
-409 -386
-394 -391
-402 -393
-376 -386
-387 -415
-415 -396
-396 -415
-423 -399
-404 -399
-386 -397
-405 -397
-391 -395
-391 -395
-404 -397
-406 -403
-404 -398
-393 -410
-397 -394
-391 -410
-388 -398
-417 -392
-395 -397
-415 -399
-402 -396
-395 -410
-402 -400
-399 -401
-409 -400
-388 -397
-403 -400
-376 -393
-384 -397
-410 -397
-387 -395
-417 -407
-394 -388
-391 -386
-410 -414
-397 -368
-418 -383
-410 -400
-388 -394
-401 -425
-382 -442
-390 -411
-419 -376
-400 -377
-411 -358
-407 -386
-374 -391
-394 -396
-389 -419
-386 -395
-418 -412
-397 -403
-409 -383
-408 -402
-386 -393
-406 -401
-384 -396
-393 -399
-398 -384
-395 -386
-417 -400
-406 -385
-387 -415
-390 -397
-376 -398
-384 -400
-415 -391
-405 -398
-403 -402
-403 -399
-381 -401
-391 -405
-395 -389
-391 -403
-391 -403
-419 -373
-398 -375
-408 -398
-405 -374
-389 -415
-408 -392
-391 -394
-400 -381
-386 -374
-387 -411
-413 -374
-395 -408
-422 -417
-406 -394
-392 -414
-407 -403
-385 -385
-401 -403
-392 -370
-397 -378
-406 -397
-404 -381
-399 -408
-398 -404
-385 -384
-389 -401
-412 -379
-394 -384
-421 -402
-399 -382
-401 -417
-398 -393
-399 -398
-397 -375
-395 -360
-413 -396
-396 -395
-420 -419
-401 -437
-405 -401
-409 -382
-385 -385
-400 -387
-373 -392
-384 -407
-408 -390
-385 -392
-406 -396
-411 -383
-383 -416
-410 -389
-412 -404
-393 -390
-411 -392
-407 -398
-386 -386
-399 -420
-381 -393
-385 -407
-413 -396
-388 -393
-418 -384
-402 -380
-402 -380
-397 -417
-407 -377
-405 -396
-393 -413
-393 -391
-384 -414
-381 -412
-413 -401
-403 -373
-420 -384
-407 -392
-401 -380
-387 -410
-396 -397
-390 -396
-390 -398
-415 -396
-396 -397
-410 -400
-405 -398
-387 -397
-402 -399
-395 -395
-399 -396
-391 -401
-393 -397
-408 -403
-392 -397
-420 -404
-403 -397
-392 -401
-404 -389
-388 -388
-404 -414
-401 -390
-404 -417
-399 -388
-398 -392
-389 -393
-392 -382
-412 -417
-398 -387
-415 -404
-406 -402
-384 -397
-401 -404
-390 -395
-397 -401
-409 -395
-402 -402
-400 -397
-400 -400
-381 -399
-387 -395
-407 -398
-390 -400
-418 -396
-404 -407
-392 -400
-407 -399
-378 -402
-391 -389
-393 -397
-384 -401
-384 -401
-417 -395
-380 -406
-389 -392
-391 -397
-374 -379
-413 -372
-404 -409
-405 -404
-422 -414
-403 -428
-402 -400
-407 -345
-384 -361
-400 -360
-383 -357
-387 -412
-411 -396
-388 -397
-414 -395
-398 -395
-390 -392
-410 -391
-400 -373
-403 -359
-403 -395
-391 -394
-401 -414
-397 -431
-397 -403
-406 -378
-400 -395
-396 -378
-399 -390
-378 -412
-384 -389
-410 -407
-388 -387
-419 -380
-395 -417
-390 -399
-399 -416
-391 -408
-419 -399
-402 -372
-406 -375
-409 -398
-382 -371
-398 -412
-391 -402
-381 -398
-410 -411
-402 -409
-410 -405
-419 -385
-411 -400
-395 -363
-396 -376
-399 -398
-388 -364
-410 -396
-391 -414
-395 -397
-388 -415
-390 -410
-390 -410
-419 -403
-400 -382
-415 -394
-409 -391
-379 -389
-397 -413
-381 -401
-390 -400
-418 -403
-400 -375
-417 -384
-408 -405
-377 -384
-396 -416
-383 -401
-386 -394
-419 -408
-401 -371
-408 -389
-408 -379
-376 -382
-395 -404
-387 -398
-387 -395
-416 -402
-401 -379
-412 -381
-411 -400
-387 -376
-402 -415
-389 -399
-397 -398
-404 -406
-406 -385
-409 -402
-392 -387
-409 -394
-379 -406
-396 -399
-398 -401
-387 -405
-418 -378
-392 -388
-405 -385
-391 -382
-388 -410
-418 -399
-396 -403
-424 -402
-406 -366
-390 -369
-409 -387
-374 -356
-396 -390
-401 -409
-393 -396
-419 -413
-411 -421
-394 -402
-403 -360
-386 -373
-393 -374
-385 -367
-385 -367
-388 -414
-411 -392
-391 -400
-421 -377
-408 -366
-378 -404
-396 -358
-373 -380
-384 -398
-416 -390
-382 -414
-409 -437
-412 -406
-387 -381
-420 -393
-393 -374
-389 -394
-392 -405
-392 -395
-413 -405
-404 -399
-401 -393
-401 -399
-382 -389
-392 -395
-395 -405
-396 -400
-411 -399
-402 -405
-402 -376
-401 -386
-381 -394
-392 -384
-407 -408
-395 -399
-411 -398
-406 -402
-389 -399
-402 -405
-390 -390
-396 -398
-397 -382
-395 -383
-414 -414
-405 -388
-407 -420
-406 -399
-386 -395
-394 -399
-384 -393
-387 -401
-410 -393
-393 -401
-417 -396
-408 -399
-378 -401
-393 -400
-377 -393
-386 -398
-414 -397
-403 -395
-404 -411
-401 -402
-401 -402
-375 -395
-386 -407
-408 -371
-391 -387
-416 -389
-410 -384
-385 -408
-403 -399
-385 -397
-392 -402
-402 -397
-393 -404
-419 -394
-400 -397
-408 -385
-408 -387
-374 -411
-391 -393
-383 -410
-385 -402
-417 -386
-402 -401
-401 -399
-406 -401
-374 -401
-391 -402
-401 -377
-393 -381
-409 -395
-407 -379
-386 -415
-397 -403
-387 -390
-391 -404
-418 -387
-397 -396
-420 -408
-405 -395
-386 -411
-403 -403
-393 -388
-403 -402
-390 -393
-393 -396
-381 -408
-379 -399
-413 -395
-400 -400
-422 -396
-400 -405
-398 -386
-387 -390
-393 -376
-404 -380
-398 -413
-408 -397
-403 -414
-396 -402
-399 -388
-383 -401
-386 -390
-406 -395
-390 -411
-419 -399
-419 -399
-401 -405
-397 -402
-407 -391
-388 -402
-404 -394
-382 -404
-392 -380
-405 -382
-392 -394
-419 -381
-400 -413
-402 -400
-409 -397
-388 -400
-405 -391
-385 -398
-394 -401
-395 -398
-393 -403
-421 -402
-402 -395
-406 -402
-408 -366
-375 -366
-393 -385
-388 -348
-381 -378
-413 -397
-400 -392
-408 -425
-419 -438
-396 -404
-408 -386
-402 -383
-392 -392
-406 -397
-389 -410
-407 -398
-385 -394
-391 -397
-396 -394
-385 -395
-417 -398
-391 -392
-402 -395
-399 -414
-387 -397
-415 -406
-392 -398
-407 -392
-396 -397
-396 -400
-415 -396
-405 -407
-403 -397
-401 -406
-385 -400
-393 -398
-416 -399
-402 -397
-412 -397
-410 -401
-383 -394
-383 -394
-401 -398
-385 -405
-390 -398
-419 -404
-395 -391
-421 -412
-397 -391
-396 -408
-396 -401
-395 -399
-399 -407
-391 -399
-416 -403
-396 -400
-414 -376
-402 -382
-384 -393
-404 -381
-391 -411
-402 -400
-401 -393
-401 -404
-387 -401
-395 -409
-406 -397
-392 -388
-420 -392
-404 -390
-392 -395
-405 -408
-381 -399
-396 -404
-404 -400
-401 -396
-405 -394
-404 -393
-384 -400
-390 -399
-400 -406
-388 -394
-417 -406
-400 -394
-401 -400
-405 -393
-389 -405
-406 -393
-395 -401
-403 -396
-393 -396
-396 -375
-395 -358
-396 -393
-412 -390
-395 -416
-414 -434
-398 -405
-409 -386
-403 -398
-392 -381
-404 -403
-389 -376
-408 -376
-394 -397
-398 -373
-398 -373
-385 -414
-388 -394
-416 -393
-396 -384
-422 -377
-396 -413
-394 -404
-395 -428
-396 -407
-405 -395
-405 -390
-407 -380
-404 -399
-397 -398
-390 -396
-394 -401
-396 -399
-400 -397
-404 -403
-404 -373
-393 -379
-407 -381
-391 -372
-403 -415
-397 -398
-400 -408
-410 -399
-405 -400
-400 -392
-400 -392
-390 -377
-396 -360
-408 -400
-405 -397
-413 -426
-410 -441
-400 -406
-403 -386
-385 -386
-390 -378
-379 -398
-376 -411
-412 -413
-410 -393
-428 -398
-411 -388
-403 -394
-392 -399
-382 -405
-406 -395
-383 -394
-398 -387
-388 -387
-387 -372
-415 -354
-392 -391
-416 -388
-406 -422
-395 -438
-407 -404
-398 -386
-406 -381
-386 -385
-386 -385
-393 -394
-384 -405
-386 -389
-416 -393
-399 -396
-422 -382
-407 -416
-383 -393
-398 -396
-381 -415
-392 -391
-414 -402
-401 -395
-404 -397
-404 -392
-384 -398
-400 -398
-386 -401
-388 -390
-410 -385
-388 -408
-416 -382
-396 -414
-398 -394
-401 -395
-398 -388
-406 -388
-388 -423
-407 -399
-392 -423
-402 -407
-395 -379
-401 -402
-399 -356
-401 -357
-397 -384
-393 -384
-402 -406
-389 -428
-417 -391
-393 -387
-406 -391
-393 -391
-391 -410
-404 -396
-388 -410
-418 -398
-394 -391
-404 -396
-393 -398
-391 -394
-409 -403
-394 -394
-416 -405
-399 -399
-400 -400
-401 -400
-396 -395
-404 -394
-393 -402
-402 -392
-398 -397
-401 -399
-398 -386
-398 -386
-402 -421
-404 -389
-401 -404
-402 -410
-398 -394
-401 -409
-399 -396
-401 -397
-402 -396
-394 -399
-402 -396
-396 -404
-398 -398
-400 -401
-397 -400
-402 -398
-402 -400
-400 -398
-405 -399
-393 -399
-395 -400
-393 -398
-391 -399
-418 -398
-403 -397
-414 -406
-410 -395
-383 -403
-397 -387
-373 -387
-378 -417
-411 -389
-392 -417
-424 -395
-396 -396
-391 -375
-392 -363
-392 -395
-416 -390
-401 -408
-415 -426
-404 -386
-389 -382
-402 -405
-389 -383
-398 -415
-402 -388
-400 -397
-405 -405
-403 -397
-392 -409
-396 -403
-395 -387
-391 -393
-413 -388
-399 -391
-400 -416
-406 -397
-389 -412
-400 -403
-392 -385
-393 -403
-406 -390
-401 -400
-401 -400
-410 -406
-409 -405
-393 -399
-401 -400
-398 -384
-393 -389
-406 -409
-390 -394
-404 -413
-393 -398
-401 -395
-400 -399
-402 -393
-392 -396
-391 -403
-391 -399
-383 -395
-412 -397
-402 -398
-412 -392
-404 -410
-400 -394
-396 -400
-399 -387
-394 -385
-396 -417
-402 -392
-392 -419
-415 -401
-395 -392
-406 -395
-400 -397
-396 -391
-401 -398
-404 -399
-407 -386
-396 -423
-409 -391
-375 -405
-389 -406
-397 -394
-383 -408
-415 -398
-394 -400
-402 -397
-408 -398
-402 -395
-403 -409
-400 -398
-380 -404
-386 -401
-410 -394
-391 -399
-422 -404
-402 -399
-399 -407
-403 -395
-398 -396
-408 -404
-390 -396
-404 -411
-381 -396
-390 -403
-390 -403
-410 -400
-393 -395
-422 -396
-406 -408
-390 -395
-409 -407
-377 -400
-391 -400
-401 -403
-387 -397
-417 -403
-400 -389
-396 -400
-403 -396
-389 -397
-403 -402
-394 -397
-401 -399
-398 -397
-400 -399
-396 -395
-398 -406
-398 -400
-400 -403
-406 -404
-402 -394
-394 -400
-393 -397
-398 -401
-392 -397
-414 -401
-403 -394
-399 -396
-406 -399
-379 -392
-391 -408
-393 -393
-388 -405
-419 -394
-399 -394
-407 -405
-406 -389
-387 -418
-406 -398
-386 -397
-397 -402
-400 -389
-400 -402
-409 -396
-405 -398
-395 -403
-396 -397
-382 -401
-388 -400
-414 -394
-395 -398
-419 -398
-406 -392
-389 -411
-407 -394
-385 -408
-395 -398
-389 -397
-394 -392
-394 -392
-416 -391
-404 -408
-409 -394
-404 -417
-383 -393
-393 -406
-404 -384
-388 -380
-413 -414
-391 -394
-390 -417
-412 -411
-410 -400
-420 -367
-409 -363
-403 -383
-377 -389
-391 -407
-408 -428
-392 -388
-419 -385
-391 -411
-393 -395
-405 -415
-391 -407
-420 -385
-406 -400
-391 -381
-404 -389
-381 -409
-396 -394
-407 -414
-403 -400
-406 -394
-403 -403
-387 -366
-394 -373
-397 -388
-394 -370
-417 -416
-407 -394
-405 -392
-407 -376
-389 -363
-391 -403
-398 -397
-402 -413
-406 -422
-401 -409
-406 -380
-387 -395
-400 -377
-384 -387
-390 -406
-406 -406
-390 -408
-419 -405
-389 -386
-393 -391
-407 -401
-390 -388
-423 -413
-403 -393
-403 -393
-399 -407
-410 -395
-384 -400
-404 -393
-385 -393
-390 -382
-404 -373
-393 -411
-417 -403
-403 -413
-405 -425
-406 -403
-394 -370
-406 -387
-382 -370
-392 -375
-383 -412
-385 -393
-418 -411
-392 -398
-418 -398
-411 -397
-399 -399
-399 -395
-396 -394
-383 -394
-389 -395
-418 -377
-401 -359
-410 -389
-408 -385
-391 -415
-409 -434
-387 -400
-394 -390
-382 -385
-384 -389
-421 -398
-395 -405
-422 -399
-396 -400
-391 -398
-389 -398
-391 -398
-412 -398
-393 -399
-424 -401
-393 -393
-400 -395
-391 -405
-382 -387
-413 -420
-405 -394
-421 -403
-408 -393
-401 -395
-377 -401
-388 -384
-406 -421
-390 -393
-421 -408
-398 -397
-398 -397
-396 -401
-396 -401
-395 -387
-399 -417
-398 -385
-408 -402
-405 -399
-398 -392
-394 -411
-384 -392
-389 -409
-414 -397
-402 -399
-412 -398
-410 -402
-386 -398
-400 -402
-389 -397
-391 -399
-407 -392
-396 -392
-413 -414
-397 -397
-397 -413
-398 -398
-396 -391
-403 -397
-394 -397
-404 -396
-383 -405
-390 -399
-398 -397
-383 -403
-414 -393
-390 -405
-400 -376
-409 -382
-400 -386
-405 -374
-402 -413
-379 -388
-388 -405
-406 -379
-388 -367
-418 -405
-391 -399
-395 -408
-413 -425
-396 -388
-419 -382
-409 -413
-379 -391
-393 -417
-382 -397
-382 -392
-417 -396
-395 -393
-414 -392
-404 -401
-390 -384
-408 -380
-383 -413
-399 -365
-395 -372
-397 -377
-397 -377
-405 -362
-405 -412
-400 -437
-400 -418
-397 -413
-397 -407
-405 -381
-403 -389
-398 -388
-397 -392
-379 -390
-381 -405
-407 -405
-382 -396
-411 -406
-414 -398
-390 -395
-415 -401
-392 -404
-397 -402
-394 -399
-396 -400
-421 -394
-394 -397
-416 -405
-396 -397
-395 -402
-395 -401
-401 -395
-399 -403
-399 -383
-399 -389
-397 -396
-394 -387
-394 -413
-400 -396
-388 -406
-419 -399
-395 -395
-409 -397
-392 -402
-389 -396
-412 -405
-396 -397
-420 -399
-406 -380
-393 -370
-408 -403
-386 -399
-400 -419
-400 -434
-399 -405
-411 -355
-409 -369
-396 -359
-396 -370
-395 -409
-390 -399
-409 -396
-390 -402
-401 -368
-386 -380
-393 -386
-412 -379
-412 -379
-403 -410
-408 -399
-407 -394
-385 -399
-394 -394
-387 -403
-389 -391
-416 -400
-398 -381
-422 -378
-405 -409
-386 -368
-407 -396
-383 -412
-401 -388
-403 -413
-400 -411
-401 -400
-397 -381
-385 -387
-387 -380
-414 -382
-390 -416
-419 -392
-394 -413
-390 -382
-404 -380
-392 -412
-416 -385
-403 -415
-396 -397
-404 -395
-386 -375
-398 -364
-399 -394
-399 -380
-403 -408
-402 -417
-401 -397
-400 -388
-393 -398
-397 -391
-395 -396
-397 -404
-413 -396
-405 -400
-395 -395
-395 -401
-381 -396
-388 -403
-420 -399
-400 -402
-415 -401
-406 -402
-386 -401
-406 -397
-392 -397
-400 -398
-402 -397
-401 -404
-408 -396
-401 -398
-396 -406
-396 -406
-397 -394
-404 -414
-405 -404
-391 -370
-392 -374
-384 -388
-381 -370
-417 -414
-397 -396
-412 -395
-402 -413
-402 -393
-404 -419
-392 -405
-406 -366
-387 -384
-402 -367
-390 -377
-392 -406
-400 -395
-394 -404
-415 -398
-403 -395
-399 -399
-406 -395
-388 -399
-399 -380
-385 -376
-390 -397
-413 -384
-394 -404
-422 -423
-389 -383
-387 -393
-402 -417
-378 -382
-410 -412
-415 -412
-396 -392
-419 -414
-395 -399
-391 -394
-411 -401
-398 -389
-406 -398
-405 -402
-385 -399
-394 -371
-383 -371
-379 -383
-408 -369
-407 -414
-420 -396
-409 -395
-406 -384
-382 -382
-397 -413
-386 -383
-392 -416
-420 -403
-403 -397
-424 -407
-411 -398
-387 -397
-387 -397
-386 -399
-390 -379
-391 -384
-402 -396
-409 -386
-405 -413
-388 -400
-398 -387
-385 -397
-390 -393
-411 -395
-397 -412
-421 -399
-413 -393
-387 -398
-397 -395
-383 -398
-394 -407
-397 -408
-404 -388
-402 -400
-395 -386
-416 -392
-409 -408
-402 -396
-401 -417
-392 -398
-389 -401
-404 -400
-396 -392
-401 -400
-399 -402
-401 -402
-397 -396
-398 -397
-399 -399
-395 -394
-408 -409
-399 -395
-406 -398
-406 -382
-391 -376
-404 -410
-393 -406
-398 -415
-415 -422
-404 -405
-405 -364
-406 -383
-379 -367
-390 -374
-389 -410
-381 -394
-413 -407
-401 -396
-410 -396
-409 -394
-402 -404
-393 -389
-397 -391
-394 -420
-395 -392
-407 -417
-407 -417
-404 -394
-406 -392
-405 -384
-397 -378
-385 -414
-399 -394
-391 -414
-404 -412
-403 -400
-401 -375
-394 -383
-398 -382
-393 -376
-396 -414
-403 -395
-395 -408
-411 -397
-400 -398
-399 -397
-406 -398
-392 -393
-401 -395
-395 -405
-394 -399
-408 -406
-397 -397
-406 -398
-404 -396
-390 -398
-403 -395
-396 -403
-400 -399
-399 -398
-399 -397
-397 -398
-396 -395
-400 -401
-398 -395
-407 -404
-404 -392
-399 -399
-399 -395
-381 -393
-388 -412
-412 -389
-394 -418
-420 -390
-402 -394
-393 -405
-408 -393
-378 -412
-395 -392
-385 -405
-385 -396
-418 -400
-399 -395
-409 -400
-408 -379
-387 -368
-402 -402
-382 -400
-389 -415
-408 -432
-391 -399
-391 -399
-421 -389
-395 -388
-393 -391
-400 -400
-390 -388
-417 -418
-394 -392
-408 -391
-390 -421
-388 -375
-412 -384
-391 -409
-420 -395
-398 -411
-399 -426
-391 -400
-387 -390
-413 -405
-393 -386
-421 -402
-407 -380
-400 -371
-390 -396
-389 -398
-397 -407
-386 -425
-417 -395
-394 -389
-403 -397
-401 -395
-394 -401
-406 -397
-400 -398
-399 -394
-403 -396
-392 -402
-396 -397
-396 -402
-397 -397
-408 -397
-407 -397
-393 -398
-391 -393
-385 -395
-385 -401
-419 -397
-400 -414
-416 -396
-405 -409
-385 -401
-404 -389
-384 -402
-400 -388
-406 -399
-406 -374
-400 -366
-399 -393
-390 -386
-398 -407
-402 -422
-401 -395
-401 -391
-396 -398
-396 -398
-401 -395
-401 -396
-388 -400
-388 -393
-398 -398
-383 -377
-421 -368
-401 -400
-399 -398
-404 -419
-393 -434
-401 -401
-404 -384
-406 -388
-390 -391
-405 -394
-389 -407
-396 -404
-392 -404
-388 -396
-414 -397
-391 -387
-417 -385
-397 -416
-392 -391
-407 -420
-399 -385
-405 -382
-402 -413
-393 -388
-401 -420
-403 -395
-402 -394
-402 -385
-401 -382
-385 -418
-388 -374
-395 -392
-385 -404
-418 -395
-386 -408
-394 -424
-409 -390
-407 -390
-421 -399
-412 -388
-403 -414
-375 -396
-391 -417
-401 -391
-388 -387
-417 -398
-392 -378
-396 -411
-409 -408
-389 -406
-420 -412
-395 -397
-400 -398
-391 -397
-387 -394
-406 -394
-392 -398
-392 -393
-418 -393
-405 -404
-390 -392
-404 -401
-382 -376
-394 -365
-412 -397
-397 -394
-419 -432
-402 -439
-404 -399
-400 -389
-395 -368
-405 -382
-386 -403
-404 -391
-391 -420
-398 -391
-399 -402
-398 -390
-399 -389
-399 -376
-397 -364
-397 -402
-400 -398
-395 -417
-410 -432
-399 -405
-413 -361
-409 -376
-386 -357
-398 -374
-374 -409
-385 -395
-413 -403
-393 -398
-423 -393
-404 -397
-392 -400
-408 -397
-382 -396
-400 -396
-393 -395
-397 -395
-407 -401
-402 -395
-400 -402
-399 -394
-391 -401
-393 -393
-402 -398
-397 -379
-411 -368
-409 -406
-392 -402
-400 -416
-386 -432
-388 -402
-419 -373
-395 -394
-417 -377
-401 -387
-392 -412
-405 -386
-405 -386
-390 -404
-405 -371
-388 -358
-399 -389
-404 -386
-401 -433
-412 -429
-407 -410
-391 -404
-394 -370
-381 -392
-374 -384
-406 -391
-414 -412
-423 -395
-432 -422
-409 -397
-384 -410
-400 -395
-382 -390
-400 -390
-387 -390
-389 -411
-407 -396
-391 -415
-417 -403
-409 -368
-384 -384
-399 -383
-382 -379
-389 -409
-413 -400
-403 -386
-410 -396
-407 -399
-380 -393
-394 -411
-382 -400
-382 -396
-416 -403
-401 -391
-423 -401
-405 -400
-398 -400
-383 -400
-390 -403
-407 -378
-393 -383
-421 -397
-401 -377
-399 -418
-405 -390
-390 -397
-407 -378
-392 -367
-401 -407
-390 -356
-395 -374
-408 -381
-401 -367
-409 -418
-402 -437
-386 -420
-399 -404
-399 -404
-405 -399
-405 -375
-402 -395
-399 -392
-389 -396
-394 -405
-393 -394
-392 -409
-401 -398
-390 -394
-419 -402
-398 -394
-410 -401
-405 -375
-392 -368
-408 -394
-392 -375
-407 -410
-395 -414
-397 -400
-385 -376
-387 -385
-412 -374
-395 -380
-420 -412
-414 -400
-382 -406
-400 -406
-381 -383
-392 -396
-404 -396
-408 -400
-407 -395
-401 -396
-397 -402
-394 -386
-391 -413
-391 -399
-413 -393
-400 -402
-412 -393
-410 -401
-375 -398
-389 -401
-382 -380
-385 -384
-408 -398
-396 -379
-418 -416
-399 -398
-409 -401
-405 -410
-396 -396
-406 -413
-390 -401
-404 -398
-379 -408
-389 -389
-404 -388
-393 -389
-408 -395
-405 -391
-383 -405
-383 -405
-397 -403
-392 -389
-392 -420
-416 -398
-397 -405
-416 -400
-405 -395
-383 -399
-400 -396
-387 -400
-392 -398
-416 -399
-403 -400
-402 -399
-407 -402
-381 -399
-399 -399
-401 -399
-400 -399
-408 -398
-406 -403
-389 -396
-389 -401
-397 -389
-382 -387
-416 -419
-394 -386
-403 -413
-409 -414
-394 -392
-413 -411
-402 -393
-393 -397
-402 -392
-386 -400
-398 -391
-402 -396
-402 -401
-404 -387
-400 -420
-389 -388
-393 -400
-408 -412
-393 -391
-420 -416
-399 -394
-404 -403
-406 -393
-399 -394
-412 -405
-386 -391
-398 -408
-383 -393
-390 -406
-408 -398
-399 -401
-413 -398
-404 -401
-392 -399
-403 -400
-380 -400
-389 -397
-406 -400
-389 -397
-389 -397
-419 -397
-399 -398
-394 -393
-402 -401
-395 -406
-406 -408
-395 -400
-406 -397
-380 -383
-388 -387
-399 -403
-384 -388
-417 -421
-381 -391
-389 -400
-397 -401
-380 -396
-417 -408
-393 -395
-400 -412
-402 -398
-390 -405
-417 -401
-380 -396
-397 -402
-394 -394
-384 -400
-422 -402
-401 -395
-406 -407
-405 -393
-387 -402
-404 -383
-382 -375
-391 -410
-404 -403
-387 -409
-418 -424
-403 -386
-398 -386
-409 -418
-399 -390
-405 -418
-404 -391
-387 -392
-396 -393
-392 -380
-392 -418
-416 -397
-399 -405
-407 -417
-401 -395
-392 -402
-404 -399
-392 -393
-402 -401
-385 -394
-392 -403
-406 -395
-391 -404
-418 -384
-404 -388
-392 -393
-392 -393
-409 -381
-383 -414
-397 -394
-389 -409
-390 -399
-418 -396
-400 -400
-411 -402
-405 -402
-384 -401
-401 -402
-390 -387
-395 -398
-407 -397
-400 -396
-406 -408
-404 -394
-384 -402
-391 -391
-393 -394
-390 -408
-418 -400
-398 -409
-413 -407
-401 -383
-397 -388
-403 -404
-392 -388
-403 -415
-394 -398
-404 -400
-393 -402
-402 -391
-397 -400
-400 -392
-399 -394
-397 -405
-395 -393
-396 -407
-405 -391
-399 -395
-406 -413
-404 -396
-395 -412
-403 -397
-391 -394
-394 -399
-389 -396
-390 -398
-417 -400
-391 -398
-419 -403
-394 -395
-393 -404
-400 -393
-396 -401
-414 -395
-402 -399
-410 -419
-410 -394
-393 -423
-402 -396
-385 -397
-389 -395
-389 -395
-404 -396
-391 -383
-419 -373
-397 -409
-404 -404
-400 -412
-400 -426
-398 -391
-399 -390
-401 -399
-395 -396
-409 -410
-395 -394
-407 -410
-398 -395
-398 -396
-401 -396
-397 -399
-405 -395
-392 -401
-400 -395
-389 -399
-393 -392
-412 -394
-397 -405
-412 -389
-407 -414
-391 -390
-404 -408
-391 -405
-397 -393
-400 -412
-399 -397
-406 -394
-399 -398
-395 -396
-398 -396
-395 -402
-402 -393
-405 -402
-403 -389
-390 -401
-390 -400
-389 -400
-388 -408
-420 -396
-399 -401
-413 -393
-402 -402
-386 -391
-402 -407
-397 -391
-403 -395
-398 -408
-406 -396
-395 -411
-401 -395
-393 -403
-391 -399
-402 -395
-392 -398
-416 -398
-400 -395
-400 -395
-404 -407
-409 -394
-388 -402
-400 -385
-387 -379
-392 -412
-417 -362
-399 -368
-414 -366
-406 -338
-383 -349
-402 -393
-379 -403
-383 -432
-411 -454
-417 -427
-413 -398
-421 -380
-391 -386
-388 -381
-394 -396
-394 -403
-408 -395
-397 -402
-413 -402
-409 -391
-391 -408
-398 -381
-390 -391
-395 -389
-407 -379
-403 -416
-416 -391
-389 -413
-407 -375
-391 -358
-394 -393
-398 -390
-399 -419
-398 -435
-399 -395
-410 -389
-396 -379
-405 -383
-405 -417
-392 -392
-401 -421
-399 -383
-397 -373
-401 -411
-401 -391
-404 -413
-404 -418
-397 -400
-396 -374
-386 -383
-387 -378
-416 -377
-394 -415
-422 -396
-402 -405
-393 -401
-404 -391
-388 -402
-388 -402
-408 -391
-390 -405
-401 -381
-390 -391
-392 -389
-395 -384
-396 -412
-419 -398
-409 -403
-405 -402
-401 -392
-383 -403
-395 -391
-383 -403
-391 -393
-393 -395
-389 -391
-414 -392
-407 -413
-393 -397
-395 -417
-391 -404
-385 -372
-418 -388
-396 -372
-415 -374
-408 -416
-389 -395
-409 -418
-384 -392
-402 -388
-399 -407
-401 -389
-401 -414
-400 -398
-394 -395
-396 -402
-400 -363
-396 -371
-404 -387
-403 -353
-402 -381
-401 -396
-397 -388
-398 -433
-397 -434
-403 -388
-403 -385
-403 -350
-405 -372
-389 -397
-407 -387
-392 -417
-406 -399
-396 -396
-393 -404
-392 -380
-399 -396
-403 -375
-408 -365
-408 -397
-389 -396
-408 -417
-408 -417
-383 -434
-398 -412
-399 -381
-399 -386
-407 -367
-405 -389
-393 -418
-394 -406
-400 -428
-390 -396
-419 -392
-391 -396
-403 -397
-402 -395
-393 -397
-419 -400
-405 -397
-400 -415
-406 -407
-388 -396
-402 -392
-387 -380
-389 -390
-404 -393
-391 -399
-417 -417
-405 -393
-392 -422
-407 -404
-392 -357
-401 -375
-387 -375
-387 -370
-392 -413
-390 -400
-417 -391
-404 -403
-401 -390
-402 -402
-380 -395
-391 -404
-402 -385
-387 -390
-414 -393
-397 -384
-402 -414
-409 -398
-404 -406
-395 -405
-397 -372
-390 -387
-395 -382
-413 -382
-407 -413
-403 -403
-406 -396
-393 -406
-396 -384
-410 -395
-384 -390
-405 -391
-383 -413
-392 -398
-412 -409
-412 -409
-401 -401
-413 -361
-408 -368
-381 -387
-392 -357
-382 -394
-388 -414
-414 -401
-395 -413
-420 -426
-400 -400
-406 -392
-398 -406
-395 -382
-396 -403
-391 -384
-407 -390
-401 -400
-401 -387
-402 -415
-386 -396
-394 -407
-406 -402
-392 -385
-417 -395
-406 -398
-393 -389
-405 -407
-381 -400
-391 -399
-401 -403
-387 -397
-419 -400
-393 -397
-404 -369
-403 -364
-394 -387
-407 -380
-399 -408
-404 -423
-403 -399
-403 -392
-405 -401
-392 -388
-400 -399
-386 -404
-390 -405
-418 -391
-394 -401
-422 -374
-408 -376
-384 -406
-401 -371
-380 -405
-391 -416
-417 -387
-393 -415
-420 -396
-395 -398
-393 -379
-401 -372
-396 -404
-407 -383
-407 -383
-403 -409
-408 -420
-404 -394
-392 -397
-395 -398
-381 -392
-388 -396
-413 -399
-395 -395
-421 -405
-402 -393
-395 -401
-406 -404
-390 -395
-407 -419
-383 -412
-389 -399
-409 -389
-387 -381
-419 -391
-398 -401
-395 -417
-391 -388
-389 -379
-416 -404
-391 -369
-417 -395
-392 -413
-392 -408
-408 -410
-398 -426
-422 -389
-412 -385
-396 -399
-388 -389
-387 -413
-394 -393
-403 -410
-415 -400
-412 -390
-380 -398
-392 -394
-378 -395
-388 -400
-407 -393
-402 -402
-414 -393
-403 -401
-392 -403
-399 -400
-375 -406
-382 -398
-410 -397
-382 -396
-413 -397
-410 -399
-389 -398
-411 -399
-408 -368
-387 -361
-400 -387
-382 -387
-388 -404
-412 -423
-412 -423
-394 -386
-421 -381
-396 -419
-397 -384
-396 -412
-395 -409
-393 -389
-392 -409
-412 -396
-394 -397
-414 -399
-403 -396
-390 -398
-405 -400
-392 -400
-402 -400
-402 -402
-402 -397
-395 -406
-398 -382
-394 -390
-398 -383
-416 -379
-411 -416
-400 -395
-399 -415
-385 -381
-386 -369
-418 -403
-389 -383
-414 -404
-402 -421
-390 -384
-417 -400
-401 -409
-402 -393
-407 -411
-388 -395
-403 -396
-387 -395
-390 -398
-399 -394
-385 -405
-415 -398
-397 -399
-406 -398
-391 -396
-386 -395
-409 -398
-387 -394
-418 -396
-399 -417
-393 -390
-411 -419
-398 -377
-411 -360
-409 -396
-393 -394
-405 -437
-392 -440
-399 -399
-397 -389
-400 -365
-400 -365
-394 -385
-394 -380
-404 -373
-397 -401
-406 -397
-399 -431
-404 -441
-391 -408
-411 -358
-393 -359
-406 -346
-402 -370
-393 -409
-406 -395
-388 -399
-406 -398
-393 -396
-402 -406
-390 -393
-393 -398
-412 -382
-396 -390
-414 -409
-408 -398
-384 -406
-398 -397
-380 -387
-385 -396
-412 -397
-394 -390
-422 -411
-403 -389
-394 -405
-405 -399
-391 -399
-406 -398
-388 -392
-396 -409
-382 -393
-379 -400
-408 -393
-403 -399
-420 -389
-411 -405
-402 -404
-382 -400
-392 -405
-388 -396
-386 -396
-416 -397
-396 -402
-419 -394
-408 -413
-403 -392
-394 -403
-387 -393
-382 -395
-375 -405
-409 -392
-418 -417
-420 -394
-428 -407
-404 -395
-386 -402
-386 -402
-405 -403
-384 -388
-401 -416
-395 -392
-396 -406
-409 -392
-403 -396
-402 -367
-402 -345
-385 -359
-393 -330
-396 -370
-393 -409
-415 -426
-395 -456
-414 -437
-399 -417
-401 -399
-404 -362
-402 -392
-398 -368
-394 -377
-383 -417
-385 -378
-412 -393
-396 -409
-423 -401
-406 -410
-392 -427
-408 -388
-377 -385
-391 -394
-387 -391
-384 -409
-415 -394
-396 -406
-412 -397
-410 -393
-389 -397
-406 -398
-385 -398
-392 -401
-395 -402
-397 -392
-394 -402
-398 -373
-407 -378
-402 -401
-408 -373
-409 -414
-389 -408
-397 -392
-398 -410
-390 -391
-413 -404
-400 -397
-402 -398
-407 -399
-386 -400
-397 -399
-391 -394
-392 -395
-412 -396
-412 -396
-401 -391
-410 -400
-408 -405
-389 -398
-397 -410
-377 -398
-383 -395
-406 -402
-389 -394
-420 -399
-399 -403
-396 -396
-406 -398
-391 -395
-405 -397
-385 -392
-392 -404
-399 -392
-390 -407
-418 -392
-403 -395
-396 -407
-406 -392
-389 -412
-404 -394
-399 -407
-401 -400
-387 -400
-385 -400
-409 -396
-385 -398
-415 -404
-405 -393
-396 -401
-414 -407
-402 -385
-408 -420
-408 -372
-386 -363
-397 -384
-383 -375
-387 -425
-422 -428
-406 -419
-424 -405
-394 -400
-386 -386
-387 -393
-383 -386
-415 -386
-395 -418
-416 -389
-404 -420
-397 -377
-415 -362
-383 -400
-401 -396
-386 -409
-389 -423
-415 -400
-397 -386
-419 -396
-399 -393
-391 -392
-391 -392
-402 -402
-390 -394
-407 -399
-393 -386
-399 -381
-393 -413
-397 -398
-406 -410
-404 -419
-404 -394
-401 -399
-391 -401
-395 -388
-394 -402
-392 -364
-411 -367
-397 -387
-403 -374
-402 -406
-394 -421
-405 -397
-385 -398
-393 -404
-391 -382
-387 -401
-415 -371
-401 -369
-397 -396
-408 -381
-393 -407
-403 -424
-397 -394
-396 -404
-408 -399
-403 -395
-406 -396
-402 -397
-382 -391
-390 -394
-406 -398
-391 -384
-419 -419
-404 -383
-398 -394
-409 -416
-382 -370
-396 -382
-393 -387
-389 -375
-419 -422
-400 -433
-416 -416
-411 -400
-378 -394
-397 -374
-371 -390
-384 -407
-417 -390
-395 -416
-420 -393
-403 -401
-388 -391
-407 -392
-407 -392
-390 -411
-405 -394
-397 -414
-399 -397
-392 -403
-394 -405
-407 -391
-399 -405
-404 -392
-404 -404
-392 -408
-402 -409
-409 -393
-406 -393
-394 -383
-396 -380
-385 -418
-390 -402
-417 -415
-404 -416
-407 -397
-404 -394
-382 -400
-395 -391
-393 -399
-394 -371
-412 -369
-403 -391
-403 -376
-402 -404
-379 -421
-384 -384
-407 -400
-388 -406
-419 -389
-397 -416
-397 -391
-396 -405
-400 -393
-392 -394
-390 -389
-395 -393
-376 -408
-413 -388
-399 -419
-410 -400
-414 -391
-406 -402
-392 -388
-401 -400
-390 -401
-396 -398
-399 -400
-395 -396
-401 -398
-395 -395
-410 -405
-404 -397
-398 -404
-398 -403
-385 -395
-390 -404
-416 -397
-399 -407
-399 -407
-420 -387
-413 -393
-382 -369
-404 -364
-384 -403
-394 -400
-399 -412
-397 -424
-419 -397
-399 -389
-412 -397
-405 -396
-390 -397
-407 -401
-394 -397
-391 -399
-397 -395
-394 -396
-405 -391
-403 -393
-410 -407
-389 -389
-402 -421
-385 -393
-388 -399
-409 -399
-393 -398
-416 -379
-408 -366
-384 -395
-396 -393
-383 -409
-388 -428
-421 -402
-397 -391
-418 -404
-405 -391
-397 -403
-392 -372
-391 -373
-380 -389
-379 -387
-414 -407
-415 -424
-419 -398
-419 -400
-406 -403
-379 -388
-397 -404
-381 -366
-388 -376
-420 -394
-402 -368
-419 -407
-415 -421
-381 -390
-402 -417
-381 -390
-388 -388
-419 -367
-397 -343
-416 -361
-406 -340
-406 -340
-376 -391
-397 -429
-387 -445
-385 -444
-414 -437
-407 -413
-409 -383
-419 -366
-409 -363
-383 -376
-391 -383
-375 -413
-388 -400
-401 -381
-405 -403
-406 -361
-401 -363
-398 -390
-399 -387
-389 -409
-392 -424
-413 -404
-394 -374
-420 -395
-399 -391
-393 -388
-404 -411
-387 -399
-405 -388
-392 -403
-401 -375
-392 -384
-394 -405
-398 -383
-395 -418
-420 -397
-405 -396
-402 -390
-408 -390
-384 -410
-399 -399
-396 -408
-395 -401
-397 -390
-395 -399
-404 -378
-397 -380
-409 -405
-404 -376
-396 -413
-404 -403
-386 -394
-393 -399
-400 -392
-390 -399
-413 -390
-400 -406
-403 -394
-409 -404
-387 -397
-398 -398
-386 -395
-390 -398
-416 -390
-416 -390
-398 -394
-417 -415
-404 -395
-388 -417
-405 -398
-387 -395
-401 -402
-400 -392
-399 -399
-405 -402
-399 -397
-398 -403
-399 -397
-396 -402
-397 -398
-399 -405
-396 -404
-403 -397
-403 -408
-400 -361
-402 -371
-393 -383
-396 -352
-401 -382
-402 -393
-405 -381
-403 -428
-391 -434
-388 -422
-417 -394
-391 -387
-416 -378
-407 -390
-393 -392
-405 -399
-403 -411
-393 -392
-395 -421
-398 -401
-394 -393
-415 -401
-404 -388
-397 -396
-403 -398
-383 -395
-395 -403
-400 -397
-398 -400
-414 -398
-405 -399
-393 -399
-395 -399
-380 -397
-388 -397
-420 -394
-398 -402
-420 -393
-406 -402
-384 -379
-404 -368
-380 -403
-395 -399
-407 -417
-407 -417
-395 -430
-420 -394
-396 -390
-403 -385
-405 -389
-388 -396
-408 -383
-378 -416
-389 -403
-402 -404
-385 -420
-417 -402
-389 -393
-398 -408
-409 -378
-399 -394
-414 -373
-403 -365
-388 -405
-398 -401
-389 -413
-394 -428
-415 -396
-397 -391
-417 -395
-412 -394
-388 -397
-401 -400
-387 -396
-393 -398
-399 -391
-403 -390
-399 -420
-397 -394
-405 -417
-401 -400
-394 -389
-394 -405
-382 -391
-381 -404
-416 -391
-412 -400
-428 -378
-406 -370
-394 -403
-377 -403
-386 -415
-418 -431
-401 -401
-423 -386
-404 -401
-392 -386
-410 -396
-379 -402
-397 -395
-383 -409
-382 -403
-415 -390
-385 -403
-406 -389
-401 -402
-389 -403
-422 -406
-401 -395
-401 -395
-412 -404
-413 -384
-387 -383
-402 -414
-379 -380
-391 -415
-420 -407
-405 -394
-419 -414
-415 -397
-381 -401
-400 -401
-390 -359
-393 -364
-404 -383
-397 -380
-404 -408
-396 -425
-406 -402
-398 -395
-407 -413
-385 -389
-393 -386
-397 -404
-390 -361
-415 -375
-411 -399
-393 -362
-401 -395
-388 -411
-394 -402
-395 -413
-399 -422
-415 -406
-399 -364
-416 -385
-409 -383
-383 -375
-401 -418
-382 -396
-387 -403
-418 -401
-390 -394
-416 -401
-389 -388
-386 -401
-412 -366
-394 -370
-416 -390
-406 -389
-395 -412
-410 -424
-388 -408
-397 -386
-387 -393
-390 -377
-413 -388
-404 -387
-409 -393
-410 -418
-389 -395
-402 -412
-401 -409
-401 -409
-391 -394
-413 -391
-382 -397
-399 -392
-381 -398
-386 -371
-408 -363
-397 -387
-416 -384
-406 -409
-393 -423
-404 -400
-387 -364
-394 -383
-384 -368
-383 -374
-416 -412
-398 -392
-424 -412
-404 -393
-395 -396
-384 -409
-382 -397
-412 -403
-400 -397
-424 -395
-403 -399
-392 -375
-380 -368
-384 -389
-414 -390
-392 -407
-420 -424
-413 -385
-399 -385
-404 -418
-400 -390
-383 -419
-393 -395
-401 -391
-399 -390
-410 -390
-407 -410
-396 -394
-399 -417
-383 -398
-390 -396
-414 -401
-398 -391
-419 -394
-408 -407
-380 -392
-397 -402
-388 -398
-387 -399
-419 -404
-390 -396
-408 -407
-391 -395
-381 -404
-412 -408
-396 -390
-418 -401
-409 -375
-409 -375
-405 -371
-394 -408
-398 -406
-390 -414
-391 -426
-405 -401
-395 -352
-419 -370
-405 -376
-399 -361
-406 -405
-375 -418
-388 -391
-392 -414
-379 -404
-411 -379
-402 -402
-406 -367
-412 -371
-405 -400
-379 -390
-389 -413
-394 -417
-386 -405
-416 -381
-412 -395
-388 -381
-400 -383
-385 -416
-397 -392
-396 -418
-397 -392
-405 -390
-396 -401
-412 -397
-409 -407
-398 -401
-394 -398
-400 -400
-389 -385
-409 -391
-390 -405
-396 -388
-393 -417
-396 -398
-409 -395
-404 -400
-400 -392
-399 -396
-384 -403
-392 -398
-410 -397
-395 -397
-415 -402
-405 -393
-392 -407
-404 -404
-395 -403
-401 -390
-398 -384
-400 -407
-400 -383
-400 -418
-400 -418
-410 -405
-405 -401
-408 -407
-407 -395
-397 -405
-386 -398
-400 -396
-386 -402
-400 -395
-402 -403
-399 -378
-400 -380
-403 -397
-397 -374
-398 -415
-402 -405
-397 -400
-410 -408
-403 -399
-400 -398
-403 -401
-387 -376
-394 -379
-397 -401
-393 -374
-421 -414
-407 -408
-401 -397
-402 -407
-378 -402
-394 -390
-407 -398
-404 -378
-412 -378
-406 -410
-392 -391
-400 -412
-393 -416
-397 -396
-397 -392
-401 -401
-399 -385
-400 -399
-398 -407
-393 -396
-401 -404
-393 -396
-415 -390
-404 -392
-397 -410
-400 -393
-377 -410
-389 -401
-413 -390
-397 -397
-420 -396
-408 -393
-385 -404
-401 -406
-385 -394
-392 -411
-415 -401
-401 -395
-410 -403
-410 -403
-408 -393
-385 -399
-399 -373
-382 -368
-388 -393
-417 -377
-398 -404
-427 -421
-402 -382
-396 -389
-402 -415
-393 -365
-412 -379
-384 -387
-402 -375
-384 -426
-391 -424
-412 -418
-400 -396
-412 -391
-407 -380
-381 -383
-390 -413
-379 -388
-382 -416
-420 -390
-393 -390
-416 -394
-409 -386
-391 -420
-409 -384
-402 -397
-396 -414
-402 -372
-395 -389
-399 -403
-394 -400
-392 -428
-414 -441
-390 -409
-408 -365
-409 -371
-394 -351
-408 -375
-405 -415
-381 -393
-391 -416
-399 -396
-382 -394
-415 -397
-396 -396
-401 -401
-405 -397
-401 -404
-399 -389
-396 -404
-381 -392
-384 -400
-407 -399
-384 -402
-414 -407
-412 -408
-399 -398
-399 -398
-407 -392
-406 -393
-381 -393
-389 -399
-392 -401
-381 -401
-411 -392
-403 -396
-409 -400
-411 -394
-406 -407
-386 -397
-394 -398
-391 -406
-383 -390
-416 -413
-391 -394
-407 -403
-406 -397
-398 -403
-412 -393
-408 -394
-391 -411
-396 -396
-385 -410
-387 -399
-416 -389
-394 -399
-416 -396
-398 -395
-395 -407
-406 -396
-393 -402
-409 -400
-383 -399
-394 -401
-395 -362
-386 -366
-414 -380
-397 -380
-418 -409
-407 -424
-403 -400
-416 -388
-377 -402
-393 -383
-380 -397
-386 -375
-406 -362
-404 -385
-412 -390
-408 -422
-401 -438
-409 -403
-391 -387
-393 -382
-388 -387
-387 -393
-417 -404
-396 -402
-421 -398
-405 -408
-390 -392
-408 -411
-408 -411
-387 -395
-403 -398
-400 -397
-402 -398
-397 -393
-396 -400
-402 -405
-399 -397
-412 -414
-408 -396
-389 -410
-391 -405
-387 -366
-381 -382
-416 -368
-389 -370
-404 -413
-401 -389
-387 -409
-418 -380
-396 -369
-410 -406
-399 -403
-400 -409
-397 -424
-399 -388
-390 -385
-388 -400
-408 -396
-387 -411
-421 -399
-393 -402
-400 -401
-401 -391
-396 -399
-414 -400
-406 -398
-401 -414
-402 -413
-392 -395
-398 -393
-397 -385
-397 -391
-396 -392
-399 -403
-399 -408
-405 -387
-399 -420
-398 -387
-393 -393
-386 -402
-405 -389
-388 -412
-417 -391
-398 -409
-403 -392
-395 -396
-397 -397
-394 -396
-394 -406
-405 -395
-392 -410
-414 -398
-414 -398
-399 -395
-405 -397
-405 -399
-385 -392
-399 -408
-395 -394
-392 -402
-415 -394
-400 -396
-405 -403
-410 -399
-381 -407
-394 -395
-385 -406
-373 -397
-406 -396
-413 -397
-412 -399
-426 -393
-386 -407
-381 -391
-373 -399
-378 -379
-418 -365
-395 -394
-419 -385
-396 -429
-393 -404
-404 -390
-400 -402
-406 -392
-402 -409
-399 -424
-402 -397
-394 -388
-394 -396
-380 -395
-374 -393
-403 -402
-408 -390
-416 -390
-421 -413
-399 -401
-396 -428
-399 -386
-401 -379
-396 -393
-398 -376
-389 -416
-390 -392
-406 -396
-389 -396
-418 -385
-392 -421
-398 -385
-400 -401
-394 -410
-413 -387
-397 -414
-400 -391
-400 -398
-395 -381
-402 -371
-403 -405
-403 -405
-407 -401
-399 -424
-405 -437
-394 -405
-395 -386
-408 -387
-400 -386
-402 -393
-400 -409
-388 -391
-398 -398
-408 -404
-399 -386
-402 -422
-397 -392
-398 -400
-406 -392
-388 -392
-393 -407
-391 -392
-385 -417
-421 -401
-403 -394
-410 -402
-414 -394
-383 -400
-401 -371
-388 -367
-396 -386
-405 -375
-404 -404
-411 -422
-389 -383
-404 -399
-376 -415
-386 -393
-411 -412
-389 -404
-420 -384
-396 -402
-391 -384
-385 -389
-381 -412
-411 -390
-395 -417
-424 -398
-401 -399
-395 -398
-386 -399
-389 -399
-400 -397
-392 -401
-417 -396
-402 -398
-403 -401
-409 -398
-384 -404
-403 -402
-397 -396
-401 -404
-419 -399
-385 -413
-405 -385
-405 -385
-381 -397
-395 -384
-400 -391
-398 -397
-399 -401
-396 -410
-403 -396
-403 -414
-406 -403
-404 -373
-398 -383
-396 -385
-399 -375
-396 -417
-405 -392
-403 -403
-407 -411
-401 -391
-411 -425
-396 -398
-405 -399
-389 -403
-394 -388
-396 -405
-398 -391
-408 -404
-407 -394
-396 -403
-397 -387
-374 -389
-377 -399
-391 -382
-380 -417
-422 -396
-398 -406
-411 -402
-404 -390
-386 -400
-404 -395
-388 -398
-404 -401
-396 -398
-401 -401
-386 -400
-386 -404
-413 -405
-392 -392
-420 -406
-406 -391
-399 -402
-403 -403
-402 -404
-390 -384
-396 -383
-383 -396
-384 -376
-419 -415
-387 -390
-420 -397
-407 -408
-394 -387
-405 -423
-401 -390
-390 -396
-390 -396
-397 -399
-389 -394
-391 -403
-408 -391
-397 -413
-413 -393
-409 -408
-391 -400
-400 -400
-386 -400
-390 -397
-409 -400
-399 -396
-413 -401
-407 -400
-387 -401
-397 -397
-379 -399
-383 -393
-415 -399
-400 -399
-426 -399
-398 -404
-390 -401
-384 -395
-389 -404
-416 -363
-406 -366
-412 -385
-405 -382
-380 -411
-393 -422
-396 -406
-386 -380
-418 -397
-394 -374
-405 -381
-397 -415
-395 -397
-404 -425
-403 -395
-405 -394
-404 -393
-394 -395
-400 -409
-400 -402
-394 -402
-406 -401
-393 -388
-400 -393
-400 -404
-402 -392
-404 -416
-409 -399
-395 -405
-404 -403
-380 -391
-387 -401
-411 -392
-389 -399
-423 -404
-405 -398
-392 -406
-392 -406
-411 -402
-386 -396
-402 -403
-390 -395
-394 -401
-413 -403
-402 -405
-410 -394
-407 -397
-382 -379
-394 -373
-391 -409
-383 -401
-417 -416
-402 -418
-414 -405
-406 -374
-397 -393
-388 -390
-391 -384
-397 -414
-391 -396
-417 -406
-398 -402
-412 -396
-405 -399
-389 -397
-405 -397
-387 -397
-406 -399
-397 -396
-405 -399
-395 -396
-396 -399
-392 -393
-389 -396
-404 -401
-390 -395
-421 -408
-401 -398
-411 -403
-414 -395
-381 -397
-401 -376
-375 -361
-386 -393
-418 -390
-396 -434
-421 -429
-399 -412
-393 -401
-398 -371
-398 -399
-400 -366
-403 -357
-403 -388
-402 -383
-389 -433
-388 -439
-398 -403
-381 -392
-413 -372
-398 -389
-404 -392
-404 -392
-404 -402
-401 -403
-387 -394
-388 -407
-405 -396
-391 -396
-419 -394
-405 -395
-390 -390
-403 -408
-390 -392
-401 -403
-398 -394
-402 -396
-401 -410
-403 -393
-402 -417
-400 -398
-386 -391
-391 -400
-408 -388
-397 -394
-410 -409
-404 -394
-392 -410
-406 -397
-400 -396
-403 -388
-406 -389
-384 -402
-406 -382
-390 -419
-401 -386
-401 -392
-399 -417
-399 -390
-395 -419
-411 -393
-401 -394
-401 -411
-404 -390
-390 -418
-401 -396
-397 -392
-400 -396
-397 -399
-396 -394
-395 -405
-392 -393
-412 -394
-398 -404
-412 -380
-404 -416
-386 -408
-398 -398
-402 -422
-393 -398
-412 -393
-392 -394
-393 -399
-403 -390
-390 -397
-416 -418
-416 -418
-391 -395
-403 -417
-409 -398
-393 -399
-415 -398
-400 -397
-394 -397
-403 -396
-391 -396
-402 -400
-398 -391
-402 -395
-401 -406
-402 -385
-403 -421
-401 -389
-389 -397
-389 -400
-387 -395
-379 -405
-417 -396
-413 -401
-423 -392
-406 -406
-395 -391
-378 -410
-389 -394
-399 -394
-392 -393
-416 -388
-387 -416
-405 -396
-405 -428
-393 -393
-421 -390
-405 -402
-396 -383
-403 -418
-381 -390
-395 -405
-405 -384
-395 -374
-410 -410
-399 -406
-404 -413
-405 -424
-396 -398
-407 -383
-380 -396
-389 -396
-395 -396
-383 -406
-416 -399
-387 -396
-403 -399
-405 -395
-396 -397
-412 -399
-406 -395
-386 -405
-390 -397
-388 -402
-381 -397
-417 -395
-417 -395
-401 -402
-417 -394
-395 -417
-389 -388
-409 -413
-388 -400
-422 -386
-390 -420
-388 -390
-391 -405
-379 -393
-413 -395
-403 -416
-408 -402
-419 -414
-395 -408
-405 -382
-399 -394
-391 -385
-401 -385
-397 -419
-404 -395
-402 -421