-6 0
-15 -13
-43 -34
-83 -74
-140 -126
-193 -163
-231 -212
-252 -230
-248 -256
-244 -262
-247 -265
-248 -261
-269 -259
-268 -259
-270 -259
-262 -278
-263 -270
-259 -280
-258 -274
-283 -268
-282 -272
-295 -279
-293 -269
-285 -281
-267 -281
-273 -269
-274 -285
-265 -286
-286 -292
-294 -295
-300 -294
-294 -282
-294 -282
-292 -268
-282 -278
-259 -283
-271 -290
-263 -309
-283 -311
-310 -290
-312 -294
-320 -291
-307 -290
-305 -294
-299 -283
-302 -278
-294 -267
-280 -277
-296 -302
-289 -295
-280 -289
-279 -307
-266 -294
-285 -298
-304 -306
-305 -277
-308 -288
-289 -293
-295 -296
-311 -311
-326 -307
-321 -318
-303 -329
-297 -323
-293 -304
-296 -293
-294 -281
-291 -274
-291 -266
-302 -275
-317 -286
-307 -318
-293 -330
-283 -309
-270 -301
-279 -280
-302 -298
-303 -312
-311 -324
-323 -332
-317 -321
-330 -304
-321 -298
-305 -295
-301 -268
-277 -264
-281 -271
-291 -276
-295 -311
-315 -337
-324 -341
-314 -334
-295 -303
-294 -299
-294 -287
-304 -274
-298 -279
-298 -279
-295 -266
-297 -277
-297 -288
-297 -320
-284 -330
-269 -317
-274 -316
-303 -304
-307 -306
-316 -307
-321 -297
-318 -289
-317 -296
-311 -305
-297 -320
-298 -304
-297 -294
-299 -296
-303 -285
-292 -284
-288 -271
-293 -273
-296 -285
-302 -281
-308 -308
-298 -313
-293 -318
-294 -345
-308 -332
-322 -318
-307 -296
-294 -291
-292 -299
-291 -291
-309 -292
-300 -291
-292 -276
-292 -273
-294 -293
-316 -303
-302 -302
-295 -312
-293 -307
-296 -310
-318 -320
-303 -314
-295 -302
-294 -290
-293 -295
-313 -307
-300 -310
-289 -299
-284 -287
-281 -292
-293 -303
-290 -319
-287 -305
-303 -295
-317 -297
-333 -285
-330 -289
-316 -270
-296 -280
-296 -280
-284 -286
-294 -272
-277 -304
-285 -308
-292 -311
-289 -330
-304 -305
-304 -261
-301 -276
-305 -287
-311 -312
-313 -334
-299 -307
-288 -293
-287 -277
-287 -290
-299 -298
-297 -310
-286 -319
-283 -319
-298 -319
-300 -300
-305 -287
-319 -262
-313 -269
-312 -292
-302 -318
-287 -333
-275 -328
-268 -322
-299 -310
-301 -276
-305 -268
-326 -281
-316 -272
-315 -324
-301 -332
-284 -314
-267 -304
-282 -274
-301 -274
-301 -292
-312 -299
-312 -313
-315 -326
-330 -324
-321 -331
-300 -312
-298 -303
-296 -295
-296 -285
-298 -287
-296 -274
-297 -255
-307 -281
-301 -312
-296 -326
-297 -335
-301 -302
-315 -265
-301 -279
-296 -283
-295 -310
-286 -333
-286 -333
-289 -308
-275 -303
-278 -280
-295 -260
-300 -288
-307 -303
-309 -323
-310 -346
-322 -330
-334 -323
-311 -296
-298 -286
-298 -293
-285 -296
-285 -315
-280 -305
-266 -297
-289 -296
-307 -270
-302 -273
-299 -284
-294 -286
-298 -304
-302 -324
-309 -325
-307 -323
-309 -320
-321 -302
-330 -293
-305 -294
-297 -294
-297 -284
-283 -272
-291 -266
-291 -286
-291 -292
-308 -319
-322 -324
-315 -313
-299 -323
-297 -313
-299 -302
-299 -285
-298 -285
-296 -269
-295 -261
-293 -295
-292 -295
-281 -316
-262 -338
-280 -323
-297 -331
-321 -295
-327 -279
-308 -273
-302 -265
-288 -301
-308 -313
-320 -306
-328 -282
-305 -284
-293 -291
-291 -312
-291 -312
-294 -337
-321 -316
-307 -304
-299 -289
-297 -285
-294 -276
-292 -284
-290 -300
-290 -300
-294 -310
-316 -318
-324 -315
-306 -329
-300 -328
-295 -307
-294 -299
-289 -274
-284 -277
-273 -288
-270 -283
-300 -292
-309 -289
-311 -295
-305 -313
-282 -318
-294 -330
-313 -322
-325 -300
-339 -294
-323 -290
-302 -297
-296 -310
-279 -313
-283 -304
-297 -295
-304 -288
-316 -276
-305 -272
-302 -281
-285 -292
-276 -305
-286 -314
-282 -311
-281 -309
-293 -310
-306 -301
-308 -288
-318 -284
-318 -282
-306 -283
-302 -297
-294 -306
-294 -313
-299 -318
-307 -314
-298 -306
-286 -313
-269 -291
-273 -271
-303 -249
-312 -260
-309 -310
-291 -320
-294 -333
-294 -333
-305 -326
-318 -310
-325 -321
-316 -310
-310 -297
-306 -298
-299 -290
-297 -287
-290 -282
-281 -259
-283 -275
-272 -294
-275 -312
-304 -336
-305 -332
-316 -322
-328 -298
-320 -296
-319 -292
-305 -301
-297 -298
-291 -283
-287 -274
-290 -270
-284 -299
-273 -311
-287 -306
-308 -300
-312 -286
-317 -293
-313 -305
-299 -305
-298 -280
-307 -285
-313 -290
-314 -311
-298 -333
-288 -302
-282 -276
-280 -282
-283 -279
-291 -307
-306 -333
-302 -306
-302 -305
-309 -285
-307 -289
-317 -312
-337 -317
-317 -323
-301 -309
-300 -302
-277 -310
-280 -311
-273 -304
-274 -297
-304 -285
-309 -266
-310 -272
-290 -282
-275 -287
-293 -316
-286 -331
-286 -331
-314 -330
-324 -332
-305 -300
-308 -293
-284 -288
-283 -297
-301 -305
-306 -285
-305 -268
-295 -271
-296 -286
-314 -305
-332 -335
-339 -318
-307 -310
-298 -298
-295 -261
-282 -283
-294 -287
-298 -313
-301 -338
-313 -319
-307 -328
-293 -316
-287 -294
-282 -298
-295 -293
-301 -284
-300 -286
-303 -269
-305 -269
-313 -284
-302 -315
-296 -336
-296 -338
-300 -331
-318 -315
-312 -297
-301 -295
-294 -291
-289 -275
-281 -273
-278 -255
-263 -275
-276 -300
-295 -322
-320 -337
-330 -312
-305 -297
-290 -278
-285 -264
-302 -288
-314 -290
-332 -315
-326 -328
-305 -311
-295 -314
-296 -306
-297 -305
-300 -298
-296 -275
-288 -277
-282 -289
-281 -287
-281 -287
-284 -320
-297 -320
-309 -323
-307 -332
-308 -304
-301 -298
-305 -291
-323 -293
-329 -303
-311 -289
-299 -264
-289 -278
-273 -277
-271 -304
-272 -328
-281 -301
-307 -296
-336 -287
-340 -296
-335 -300
-306 -321
-299 -324
-296 -324
-280 -323
-289 -304
-275 -298
-269 -281
-295 -269
-304 -267
-306 -280
-300 -278
-287 -313
-301 -334
-316 -308
-327 -303
-329 -288
-307 -295
-294 -308
-297 -312
-294 -311
-290 -293
-293 -288
-294 -289
-300 -279
-317 -289
-305 -301
-299 -304
-297 -306
-289 -295
-293 -299
-292 -312
-293 -329
-303 -332
-320 -298
-323 -294
-300 -290
-298 -301
-300 -313
-291 -290
-296 -281
-297 -256
-293 -277
-298 -292
-298 -292
-294 -317
-284 -327
-273 -304
-278 -302
-306 -282
-317 -305
-326 -313
-325 -320
-319 -317
-301 -310
-300 -315
-300 -307
-279 -303
-291 -296
-294 -284
-299 -281
-317 -280
-307 -270
-303 -287
-292 -307
-271 -312
-274 -309
-271 -294
-291 -271
-306 -287
-312 -301
-319 -307
-311 -326
-317 -323
-313 -324
-299 -311
-291 -303
-291 -295
-306 -295
-320 -283
-317 -279
-301 -290
-298 -290
-287 -306
-273 -287
-270 -287
-274 -280
-290 -304
-309 -332
-334 -306
-338 -293
-332 -295
-314 -291
-301 -286
-287 -318
-269 -302
-275 -291
-275 -309
-292 -303
-310 -317
-313 -332
-307 -331
-293 -310
-304 -297
-317 -281
-327 -272
-312 -267
-297 -274
-294 -292
-294 -292
-278 -311
-286 -335
-280 -337
-275 -325
-304 -305
-318 -301
-333 -283
-336 -276
-307 -270
-302 -281
-279 -288
-275 -301
-295 -333
-300 -322
-318 -331
-317 -302
-301 -268
-296 -243
-287 -255
-279 -303
-289 -318
-287 -319
-290 -313
-297 -301
-286 -315
-285 -335
-299 -304
-301 -298
-306 -290
-302 -283
-294 -290
-309 -275
-322 -259
-317 -282
-308 -302
-300 -324
-293 -341
-285 -322
-281 -321
-284 -300
-296 -288
-318 -295
-330 -290
-326 -301
-305 -288
-294 -279
-293 -290
-289 -298
-281 -315
-277 -315
-285 -299
-301 -296
-316 -304
-328 -316
-324 -323
-311 -316
-309 -318
-300 -279
-298 -263
-287 -253
-285 -270
-298 -300
-304 -326
-304 -326
-314 -346
-306 -327
-305 -331
-300 -307
-289 -294
-296 -276
-297 -272
-297 -284
-298 -288
-295 -295
-293 -277
-294 -294
-310 -291
-315 -279
-302 -310
-298 -304
-295 -317
-291 -345
-288 -332
-271 -317
-284 -302
-296 -288
-299 -268
-311 -264
-304 -268
-310 -289
-321 -297
-306 -322
-295 -323
-292 -305
-295 -309
-320 -286
-309 -278
-301 -289
-300 -309
-279 -306
-280 -304
-269 -291
-276 -291
-297 -314
-308 -326
-335 -341
-331 -319
-331 -293
-317 -298
-304 -293
-299 -297
-267 -296
-276 -282
-261 -275
-277 -270
-304 -290
-308 -307
-332 -304
-324 -319
-328 -327
-310 -323
-301 -328
-297 -310
-282 -296
-289 -280
-286 -267
-282 -264
-285 -267
-285 -267
-289 -282
-286 -314
-300 -332
-316 -325
-323 -313
-331 -287
-319 -273
-297 -282
-295 -302
-285 -298
-271 -291
-277 -302
-273 -286
-294 -274
-306 -311
-302 -295
-306 -310
-303 -336
-312 -316
-329 -322
-333 -313
-306 -313
-297 -298
-295 -286
-285 -292
-290 -292
-295 -317
-298 -298
-307 -272
-314 -242
-296 -246
-292 -296
-295 -315
-305 -351
-308 -350
-296 -320
-288 -304
-276 -295
-272 -259
-286 -253
-302 -279
-301 -278
-303 -323
-309 -336
-305 -322
-306 -319
-310 -306
-292 -309
-289 -306
-302 -297
-316 -292
-329 -294
-331 -300
-302 -306
-295 -292
-295 -273
-285 -259
-281 -281
-276 -292
-267 -316
-285 -342
-302 -327
-324 -323
-324 -323
-339 -304
-326 -296
-337 -297
-308 -284
-298 -273
-291 -268
-274 -281
-288 -301
-293 -327
-304 -341
-324 -318
-321 -303
-305 -297
-300 -291
-283 -304
-273 -301
-278 -294
-263 -297
-289 -289
-300 -296
-308 -290
-328 -272
-320 -252
-308 -282
-304 -310
-302 -325
-301 -340
-299 -314
-294 -296
-291 -289
-290 -299
-309 -310
-323 -318
-308 -309
-300 -291
-300 -292
-285 -289
-288 -310
-295 -297
-296 -278
-309 -261
-307 -270
-301 -291
-300 -318
-289 -341
-287 -322
-280 -335
-263 -299
-285 -285
-290 -293
-313 -280
-337 -291
-330 -276
-334 -280
-309 -290
-300 -287
-277 -322
-276 -316
-293 -317
-295 -334
-317 -311
-325 -296
-309 -293
-306 -299
-306 -299
-302 -280
-285 -273
-298 -243
-289 -238
-279 -284
-296 -323
-304 -349
-317 -339
-318 -306
-308 -272
-298 -279
-279 -298
-285 -317
-299 -331
-304 -330
-320 -305
-306 -298
-301 -287
-293 -273
-277 -278
-292 -273
-295 -280
-302 -303
-321 -316
-304 -309
-300 -301
-299 -283
-289 -290
-295 -313
-294 -323
-294 -335
-301 -313
-317 -287
-318 -290
-300 -288
-296 -307
-299 -320
-298 -297
-299 -288
-297 -279
-295 -280
-297 -292
-302 -281
-299 -295
-297 -298
-299 -297
-301 -313
-295 -308
-289 -316
-284 -328
-285 -314
-290 -307
-301 -293
-309 -271
-325 -275
-335 -267
-314 -284
-305 -300
-282 -319
-278 -335
-295 -328
-303 -310
-318 -289
-318 -289
-306 -281
-302 -269
-295 -283
-277 -294
-292 -303
-298 -315
-299 -318
-322 -326
-308 -315
-298 -303
-298 -301
-291 -293
-291 -289
-294 -278
-296 -269
-302 -268
-306 -277
-300 -313
-296 -330
-295 -326
-301 -306
-288 -276
-277 -283
-268 -298
-287 -310
-307 -314
-311 -302
-315 -277
-303 -281
-301 -306
-299 -300
-285 -298
-283 -305
-297 -294
-311 -297
-331 -310
-331 -305
-308 -314
-297 -325
-295 -335
-296 -308
-295 -289
-290 -292
-286 -289
-281 -300
-289 -295
-289 -287
-290 -289
-310 -298
-320 -314
-336 -319
-335 -319
-307 -296
-305 -269
-281 -247
-280 -258
-296 -304
-301 -319
-310 -337
-292 -332
-280 -312
-265 -303
-288 -302
-306 -293
-306 -293
-307 -300
-317 -303
-313 -292
-318 -276
-314 -265
-302 -288
-295 -296
-295 -316
-296 -330
-292 -324
-279 -324
-271 -302
-295 -296
-310 -286
-311 -289
-307 -283
-282 -275
-280 -291
-299 -295
-306 -307
-308 -283
-300 -287
-293 -292
-303 -312
-320 -341
-331 -321
-330 -322
-300 -313
-296 -300
-293 -303
-286 -298
-294 -283
-283 -288
-269 -289
-279 -296
-303 -311
-307 -314
-313 -301
-316 -290
-307 -297
-308 -305
-302 -312
-283 -302
-272 -294
-287 -296
-309 -274
-318 -275
-324 -283
-317 -282
-309 -309
-301 -329
-294 -329
-294 -321
-297 -302
-310 -293
-311 -287
-298 -297
-295 -317
-298 -301
-299 -298
-300 -292
-300 -299
-300 -292
-300 -292
-294 -275
-295 -255
-295 -267
-298 -307
-315 -327
-304 -340
-292 -311
-287 -290
-283 -278
-303 -272
-314 -289
-315 -304
-296 -308
-290 -304
-290 -276
-290 -281
-316 -286
-323 -315
-304 -335
-303 -306
-297 -292
-282 -279
-289 -292
-290 -305
-292 -305
-310 -289
-326 -291
-306 -291
-306 -302
-300 -332
-278 -325
-284 -331
-272 -308
-282 -283
-307 -277
-315 -261
-319 -288
-310 -312
-303 -303
-312 -315
-309 -325
-296 -316
-293 -332
-293 -304
-306 -280
-323 -269
-294 -259
-288 -299
-290 -308
-291 -307
-323 -309
-312 -315
-301 -320
-299 -334
-299 -322
-314 -291
-301 -294
-298 -290
-299 -295
-285 -295
-294 -280
-297 -267
-297 -281
-306 -303
-306 -303
-301 -302
-292 -315
-293 -317
-298 -317
-317 -317
-315 -298
-301 -285
-299 -266
-282 -255
-278 -290
-286 -307
-283 -327
-278 -352
-297 -336
-312 -312
-303 -302
-313 -293
-296 -273
-287 -282
-307 -278
-325 -273
-322 -294
-313 -308
-304 -321
-282 -326
-283 -329
-284 -291
-270 -274
-281 -276
-304 -257
-312 -288
-321 -307
-326 -308
-315 -330
-309 -333
-296 -326
-292 -305
-294 -303
-303 -293
-312 -280
-304 -288
-302 -266
-284 -270
-283 -292
-296 -306
-298 -329
-315 -339
-312 -323
-298 -304
-296 -300
-296 -289
-299 -286
-298 -288
-295 -269
-293 -240
-299 -252
-295 -285
-292 -319
-292 -340
-296 -316
-314 -310
-319 -299
-311 -310
-311 -310
-294 -331
-291 -326
-288 -301
-292 -296
-305 -288
-312 -265
-313 -268
-306 -269
-302 -287
-300 -312
-285 -336
-279 -341
-274 -330
-280 -303
-302 -296
-311 -277
-295 -264
-281 -259
-286 -274
-290 -290
-329 -313
-340 -327
-329 -310
-327 -314
-301 -317
-295 -327
-297 -318
-295 -306
-292 -294
-286 -281
-278 -280
-273 -283
-290 -282
-307 -287
-316 -286
-327 -293
-329 -304
-302 -304
-295 -309
-297 -296
-285 -301
-285 -313
-275 -327
-267 -312
-291 -295
-300 -293
-311 -279
-325 -286
-316 -271
-318 -281
-304 -287
-298 -299
-294 -332
-300 -321
-295 -329
-279 -327
-270 -294
-287 -294
-300 -285
-311 -281
-321 -282
-307 -276
-307 -291
-295 -295
-295 -295
-283 -308
-268 -307
-285 -307
-305 -316
-303 -328
-327 -313
-325 -291
-324 -292
-325 -291
-305 -317
-297 -320
-288 -295
-284 -295
-286 -291
-280 -298
-278 -299
-292 -287
-309 -293
-319 -292
-332 -320
-324 -329
-303 -306
-298 -304
-289 -292
-281 -277
-287 -280
-286 -271
-285 -254
-295 -286
-291 -309
-277 -325
-293 -344
-294 -323
-308 -316
-330 -299
-322 -283
-329 -282
-316 -262
-299 -281
-296 -302
-281 -307
-276 -329
-269 -326
-282 -296
-285 -279
-313 -250
-339 -262
-326 -309
-341 -319
-305 -342
-293 -336
-296 -313
-296 -304
-307 -295
-301 -282
-300 -288
-296 -302
-286 -315
-279 -319
-259 -304
-271 -300
-302 -293
-326 -285
-326 -285
-336 -274
-314 -276
-296 -289
-282 -290
-277 -309
-283 -314
-304 -312
-314 -318
-320 -308
-319 -295
-309 -274
-306 -263
-294 -289
-296 -298
-295 -290
-294 -317
-297 -301
-287 -291
-273 -307
-272 -300
-299 -312
-290 -329
-312 -326
-321 -306
-302 -294
-312 -291
-286 -275
-271 -267
-292 -271
-295 -274
-309 -315
-326 -331
-320 -316
-333 -312
-327 -300
-307 -314
-298 -328
-292 -332
-289 -301
-285 -285
-267 -292
-276 -291
-296 -303
-308 -296
-339 -279
-336 -266
-308 -282
-306 -303
-295 -303
-288 -308
-289 -303
-286 -308
-279 -318
-271 -318
-297 -307
-310 -295
-317 -294
-331 -277
-326 -274
-299 -284
-296 -286
-289 -307
-271 -318
-268 -319
-268 -319
-274 -308
-284 -292
-309 -281
-340 -267
-340 -286
-322 -295
-308 -323
-297 -334
-281 -329
-274 -337
-276 -303
-286 -297
-294 -278
-304 -265
-315 -264
-312 -279
-323 -301
-309 -318
-294 -328
-287 -305
-272 -291
-285 -299
-294 -315
-307 -329
-315 -306
-318 -279
-315 -264
-305 -271
-307 -296
-301 -312
-296 -335
-297 -325
-299 -331
-312 -318
-320 -292
-295 -294
-290 -291
-294 -291
-299 -293
-311 -280
-303 -271
-298 -280
-283 -306
-275 -312
-272 -308
-279 -306
-294 -279
-300 -259
-314 -287
-316 -303
-316 -319
-333 -331
-317 -308
-303 -297
-297 -306
-278 -318
-279 -327
-269 -311
-274 -297
-295 -285
-302 -267
-321 -266
-321 -274
-321 -274
-309 -281
-296 -317
-283 -327
-263 -304
-281 -310
-300 -300
-312 -317
-338 -336
-333 -327
-333 -307
-310 -295
-298 -286
-295 -273
-277 -268
-296 -257
-302 -274
-298 -313
-302 -326
-294 -344
-287 -341
-281 -290
-284 -271
-290 -260
-304 -264
-318 -312
-332 -326
-334 -311
-308 -315
-297 -297
-278 -303
-269 -315
-276 -304
-265 -304
-294 -307
-292 -295
-314 -280
-334 -275
-323 -268
-336 -303
-304 -311
-294 -305
-293 -283
-280 -282
-287 -282
-288 -304
-282 -330
-281 -305
-296 -297
-307 -282
-313 -293
-324 -302
-323 -310
-315 -323
-304 -324
-295 -328
-290 -326
-293 -306
-305 -293
-320 -282
-308 -271
-297 -277
-296 -289
-290 -303
-289 -310
-289 -310
-285 -301
-271 -288
-283 -291
-304 -311
-304 -321
-314 -328
-317 -321
-316 -299
-331 -292
-324 -281
-311 -277
-288 -271
-282 -288
-291 -304
-280 -296
-282 -313
-272 -319
-283 -313
-302 -323
-309 -307
-317 -292
-306 -293
-298 -301
-305 -314
-306 -305
-297 -294
-281 -293
-271 -299
-288 -302
-293 -295
-305 -284
-318 -284
-311 -284
-316 -282
-308 -301
-298 -300
-294 -304
-294 -303
-311 -265
-301 -280
-292 -293
-293 -318
-295 -346
-314 -329
-326 -324
-312 -298
-301 -292
-299 -296
-282 -284
-277 -282
-273 -270
-275 -275
-296 -285
-313 -282
-308 -310
-291 -309
-290 -316
-298 -344
-302 -332
-319 -318
-322 -301
-319 -295
-327 -287
-327 -287
-309 -272
-295 -270
-284 -283
-264 -290
-270 -306
-281 -317
-290 -315
-315 -319
-337 -316
-335 -304
-332 -285
-315 -282
-303 -278
-264 -269
-261 -294
-267 -288
-277 -311
-316 -340
-307 -325
-312 -335
-312 -313
-311 -291
-327 -295
-331 -294
-301 -311
-291 -309
-294 -289
-287 -283
-291 -266
-291 -257
-285 -289
-294 -309
-310 -319
-318 -330
-319 -308
-314 -300
-299 -312
-296 -328
-301 -336
-294 -311
-296 -297
-291 -284
-288 -270
-301 -278
-317 -272
-301 -281
-296 -302
-296 -315
-296 -312
-305 -309
-295 -286
-289 -263
-291 -287
-303 -289
-319 -316
-310 -335
-294 -307
-289 -299
-291 -280
-303 -290
-318 -311
-304 -316
-295 -320
-296 -307
-296 -307
-298 -306
-305 -307
-298 -292
-298 -287
-296 -271
-293 -265
-293 -297
-293 -303
-294 -298
-310 -314
-307 -308
-295 -317
-292 -333
-292 -324
-307 -306
-321 -296
-311 -282
-294 -272
-290 -266
-291 -269
-285 -287
-285 -312
-277 -335
-269 -341
-301 -329
-297 -301
-310 -298
-323 -291
-313 -285
-332 -284
-322 -266
-304 -278
-293 -285
-277 -317
-279 -337
-293 -332
-296 -331
-308 -301
-314 -296
-313 -281
-309 -272
-300 -269
-298 -280
-283 -285
-276 -297
-284 -331
-274 -321
-283 -333
-307 -308
-309 -281
-310 -277
-304 -254
-281 -288
-279 -313
-301 -304
-313 -301
-317 -307
-320 -302
-306 -308
-305 -319
-315 -303
-318 -282
-300 -291
-300 -291
-296 -314
-297 -323
-298 -341
-307 -318
-295 -304
-283 -282
-272 -275
-276 -293
-300 -300
-315 -310
-323 -292
-333 -278
-322 -266
-299 -284
-297 -301
-282 -311
-272 -319
-282 -314
-272 -309
-295 -293
-316 -286
-321 -270
-338 -253
-320 -285
-301 -311
-301 -311
-279 -337
-273 -335
-270 -317
-284 -314
-305 -307
-308 -296
-315 -293
-305 -284
-305 -274
-310 -248
-298 -260
-289 -302
-281 -308
-276 -336
-289 -334
-308 -316
-314 -313
-316 -308
-317 -298
-305 -289
-304 -291
-314 -284
-300 -283
-298 -280
-297 -279
-282 -299
-290 -305
-290 -316
-285 -325
-288 -320
-282 -306
-295 -295
-299 -300
-299 -270
-313 -268
-311 -280
-315 -288
-321 -311
-321 -311
-299 -328
-284 -334
-267 -318
-273 -302
-306 -299
-300 -292
-317 -295
-323 -295
-321 -279
-330 -264
-312 -282
-302 -291
-278 -305
-276 -331
-286 -319
-285 -333
-291 -299
-300 -270
-311 -251
-318 -263
-332 -317
-311 -329
-300 -326
-297 -314
-289 -299
-290 -313
-281 -333
-269 -316
-288 -308
-300 -289
-311 -274
-324 -289
-316 -290
-316 -299
-300 -307
-286 -303
-270 -298
-271 -301
-303 -309
-303 -315
-312 -295
-325 -279
-315 -269
-316 -267
-302 -299
-289 -303
-285 -312
-296 -316
-315 -316
-319 -328
-315 -315
-296 -305
-293 -294
-295 -284
-301 -282
-303 -272
-301 -250
-302 -274
-290 -310
-288 -318
-281 -340
-265 -323
-287 -279
-287 -279
-297 -276
-305 -285
-329 -294
-325 -302
-333 -307
-318 -313
-306 -300
-294 -306
-274 -299
-284 -281
-280 -302
-274 -313
-298 -330
-315 -327
-314 -296
-317 -296
-307 -294
-303 -297
-309 -294
-313 -276
-300 -246
-293 -263
-286 -304
-272 -313
-275 -317
-290 -312
-300 -298
-306 -308
-310 -330
-307 -324
-309 -296
-324 -286
-331 -292
-298 -292
-291 -317
-291 -299
-289 -278
-291 -267
-281 -267
-264 -299
-274 -306
-288 -308
-314 -304
-329 -309
-303 -321
-298 -333
-293 -306
-302 -280
-316 -268
-331 -256
-320 -297
-298 -304
-302 -315
-293 -328
-279 -323
-281 -318
-263 -300
-281 -297
-292 -290
-319 -293
-336 -290
-321 -271
-327 -274
-311 -287
-311 -287
-294 -315
-298 -337
-294 -339
-284 -331
-282 -300
-277 -295
-292 -281
-304 -273
-313 -269
-309 -285
-289 -286
-277 -304
-286 -340
-306 -325
-307 -335
-314 -309
-316 -295
-310 -294
-317 -267
-305 -275
-298 -283
-295 -287
-298 -304
-307 -318
-294 -325
-279 -321
-266 -324
-286 -311
-298 -297
-315 -277
-333 -274
-325 -270
-319 -270
-311 -303
-300 -303
-280 -318
-282 -331
-283 -317
-277 -311
-291 -307
-313 -297
-320 -286
-331 -284
-330 -270
-303 -270
-296 -289
-277 -308
-273 -331
-283 -338
-274 -317
-300 -299
-317 -295
-326 -292
-337 -303
-315 -297
-300 -279
-293 -255
-279 -272
-292 -297
-301 -323
-299 -338
-298 -316
-286 -308
-286 -308
-268 -295
-272 -303
-300 -304
-306 -291
-317 -285
-317 -269
-300 -250
-294 -275
-284 -306
-268 -310
-283 -341
-299 -344
-313 -320
-338 -307
-332 -300
-325 -291
-309 -299
-300 -314
-292 -296
-277 -298
-287 -293
-283 -296
-279 -297
-288 -289
-301 -294
-315 -302
-329 -321
-342 -306
-317 -293
-304 -296
-282 -295
-271 -303
-293 -302
-299 -297
-316 -292
-306 -284
-299 -272
-298 -267
-286 -280
-292 -308
-295 -335
-298 -344
-311 -330
-325 -302
-311 -298
-300 -294
-298 -288
-289 -297
-287 -291
-290 -296
-288 -304
-294 -318
-305 -299
-302 -283
-299 -288
-300 -281
-307 -298
-316 -295
-311 -274
-297 -292
-294 -289
-292 -300
-287 -331
-284 -322
-284 -322
-273 -333
-287 -306
-306 -283
-314 -286
-317 -276
-295 -303
-279 -306
-278 -297
-301 -300
-313 -310
-325 -319
-334 -318
-321 -305
-302 -295
-301 -299
-297 -291
-275 -291
-282 -293
-280 -287
-273 -304
-300 -319
-316 -307
-326 -300
-337 -295
-323 -301
-305 -314
-300 -301
-279 -299
-282 -294
-294 -293
-298 -294
-319 -283
-306 -275
-301 -271
-296 -302
-277 -320
-287 -319
-284 -332
-277 -314
-291 -288
-310 -298
-320 -294
-331 -294
-323 -295
-304 -276
-298 -265
-275 -286
-283 -303
-294 -326
-297 -341
-319 -298
-324 -283
-305 -263
-300 -270
-282 -299
-264 -325
-270 -346
-286 -330
-302 -311
-308 -303
-315 -293
-303 -275
-302 -286
-302 -286
-305 -277
-294 -268
-284 -293
-272 -307
-278 -314
-304 -320
-308 -320
-313 -313
-314 -308
-310 -303
-319 -297
-313 -297
-304 -278
-300 -269
-297 -266
-289 -269
-294 -311
-292 -325
-289 -308
-299 -317
-297 -304
-280 -315
-295 -335
-302 -314
-305 -300
-327 -294
-318 -297
-319 -299
-305 -292
-292 -284
-289 -265
-293 -278
-314 -297
-316 -312
-294 -337
-284 -337
-273 -308
-263 -285
-296 -263
-300 -259
-299 -289
-320 -307
-315 -333
-324 -335
-335 -334
-311 -321
-303 -297
-296 -293
-275 -262
-289 -263
-298 -281
-303 -284
-323 -312
-305 -333
-295 -335
-295 -327
-298 -305
-319 -299
-305 -291
-301 -280
-295 -292
-277 -282
-290 -282
-293 -286
-293 -286
-300 -285
-320 -286
-304 -300
-301 -317
-301 -325
-287 -335
-292 -292
-282 -268
-265 -258
-285 -268
-307 -289
-310 -317
-312 -328
-302 -305
-301 -311
-315 -307
-325 -316
-309 -326
-298 -310
-295 -302
-299 -301
-304 -273
-297 -273
-295 -262
-295 -269
-295 -313
-290 -329
-277 -324
-265 -306
-295 -283
-308 -299
-305 -318
-311 -331
-305 -320
-312 -294
-328 -294
-328 -291
-302 -309
-299 -302
-289 -285
-277 -284
-286 -273
-286 -285
-296 -292
-312 -302
-319 -318
-315 -326
-292 -336
-286 -312
-282 -291
-281 -295
-288 -260
-287 -265
-301 -287
-314 -277
-327 -323
-336 -331
-324 -314
-300 -308
-301 -278
-285 -280
-275 -295
-287 -303
-287 -303
-285 -303
-294 -278
-299 -284
-291 -284
-282 -311
-287 -336
-305 -319
-310 -325
-309 -315
-301 -309
-300 -302
-310 -298
-327 -291
-334 -266
-301 -278
-292 -289
-295 -283
-283 -320
-290 -325
-278 -324
-270 -334
-292 -303
-301 -297
-320 -283
-328 -274
-323 -272
-315 -281
-309 -286
-298 -270
-265 -304
-275 -313
-264 -313
-285 -326
-307 -308
-311 -287
-331 -302
-318 -319
-316 -332
-302 -327
-292 -297
-287 -295
-300 -281
-317 -274
-308 -272
-301 -282
-296 -291
-283 -289
-281 -322
-275 -313
-273 -318
-298 -333
-304 -311
-319 -299
-327 -295
-318 -294
-311 -279
-297 -275
-292 -274
-290 -284
-307 -308
-310 -334
-291 -340
-279 -331
-261 -309
-261 -309
-283 -297
-294 -259
-321 -255
-344 -287
-333 -279
-332 -324
-305 -332
-297 -322
-281 -331
-271 -314
-266 -299
-280 -293
-296 -269
-303 -262
-316 -263
-305 -280
-310 -297
-314 -322
-304 -333
-292 -316
-276 -319
-270 -307
-296 -297
-315 -284
-319 -284
-327 -267
-316 -251
-298 -275
-289 -301
-294 -321
-296 -355
-310 -355
-320 -331
-301 -307
-291 -299
-286 -283
-291 -265
-310 -274
-320 -262
-297 -284
-293 -303
-291 -304
-285 -323
-298 -318
-289 -320
-288 -311
-299 -307
-315 -299
-330 -287
-326 -287
-302 -266
-294 -266
-284 -285
-270 -309
-271 -335
-279 -343
-288 -334
-314 -302
-336 -297
-333 -291
-333 -287
-306 -287
-297 -275
-297 -275
-295 -283
-271 -292
-275 -302
-262 -304
-274 -306
-302 -308
-328 -326
-337 -302
-311 -275
-296 -269
-275 -274
-268 -305
-297 -326
-310 -336
-311 -317
-313 -300
-294 -290
-296 -276
-311 -279
-324 -285
-310 -293
-300 -309
-298 -304
-300 -304
-301 -300
-300 -296
-299 -318
-302 -334
-305 -327
-298 -316
-296 -293
-295 -274
-308 -287
-303 -296
-300 -311
-299 -307
-291 -296
-294 -296
-296 -296
-298 -307
-309 -304
-310 -300
-300 -300
-296 -286
-290 -282
-283 -274
-282 -264
-275 -300
-278 -315
-310 -313
-325 -313
-337 -288
-338 -262
-307 -288
-298 -296
-272 -318
-258 -347
-270 -332
-288 -323
-302 -304
-315 -296
-328 -278
-320 -275
-316 -273
-316 -273
-311 -269
-303 -303
-281 -307
-286 -316
-296 -330
-299 -310
-317 -303
-324 -290
-303 -266
-300 -275
-284 -291
-270 -305
-279 -329
-267 -331
-292 -315
-303 -304
-308 -299
-328 -294
-323 -304
-323 -298
-311 -278
-303 -258
-289 -277
-276 -297
-282 -325
-273 -344
-281 -327
-308 -327
-310 -301
-314 -296
-310 -289
-298 -270
-300 -273
-293 -256
-283 -283
-275 -305
-292 -327
-309 -351
-308 -332
-299 -317
-299 -305
-299 -289
-303 -271
-310 -273
-292 -260
-291 -278
-307 -299
-322 -319
-336 -343
-315 -343
-308 -339
-304 -307
-285 -301
-295 -272
-298 -265
-300 -284
-294 -273
-298 -269
-297 -295
-297 -296
-314 -316
-301 -334
-294 -304
-294 -304
-292 -289
-298 -272
-315 -288
-303 -304
-300 -304
-301 -287
-288 -291
-294 -279
-295 -302
-296 -332
-312 -302
-313 -298
-298 -294
-294 -297
-295 -311
-304 -321
-297 -311
-282 -297
-264 -305
-275 -311
-292 -305
-320 -298
-339 -290
-332 -296
-332 -308
-304 -322
-302 -299
-283 -278
-281 -264
-295 -268
-294 -298
-299 -294
-297 -320
-295 -311
-294 -300
-310 -308
-319 -293
-303 -309
-297 -314
-295 -325
-295 -326
-318 -313
-312 -299
-297 -296
-297 -298
-295 -268
-287 -271
-287 -282
-282 -281
-270 -305
-283 -318
-307 -315
-314 -316
-318 -313
-320 -298
-308 -275
-306 -256
-297 -281
-295 -297
-294 -325
-296 -348
-306 -336
-298 -328
-282 -308
-282 -308
-269 -287
-287 -267
-305 -277
-314 -278
-315 -285
-297 -298
-289 -307
-294 -324
-294 -330
-290 -322
-305 -305
-314 -294
-325 -284
-333 -277
-300 -273
-285 -283
-290 -299
-294 -304
-320 -294
-306 -298
-293 -290
-292 -290
-292 -315
-311 -310
-299 -322
-286 -336
-275 -322
-268 -309
-297 -285
-310 -267
-313 -275
-315 -271
-307 -264
-305 -298
-305 -301
-289 -319
-279 -339
-265 -314
-284 -317
-307 -308
-309 -297
-329 -295
-319 -286
-308 -293
-299 -306
-287 -321
-275 -294
-274 -274
-295 -257
-310 -268
-320 -298
-336 -326
-330 -337
-304 -306
-300 -290
-286 -284
-271 -296
-282 -307
-273 -316
-282 -310
-307 -303
-311 -313
-311 -293
-311 -273
-300 -273
-283 -245
-293 -253
-314 -302
-331 -315
-338 -349
-312 -346
-305 -320
-299 -306
-280 -301
-296 -292
-301 -283
-307 -289
-310 -276
-308 -261
-297 -289
-268 -298
-273 -299
-270 -324
-287 -314
-308 -326
-312 -304
-326 -274
-316 -245
-309 -251
-302 -305
-297 -313
-296 -342
-312 -339
-315 -317
-299 -324
-294 -307
-295 -295
-303 -276
-304 -274
-295 -272
-290 -256
-293 -291
-303 -301
-296 -324
-281 -350
-260 -336
-275 -321
-298 -311
-322 -291
-332 -270
-307 -282
-285 -276
-279 -280
-296 -290
-304 -295
-312 -314
-298 -318
-289 -330
-303 -323
-319 -288
-330 -290
-331 -286
-297 -298
-282 -321
-282 -310
-281 -309
-301 -293
-302 -272
-302 -272
-301 -285
-303 -282
-308 -291
-317 -304
-304 -299
-301 -288
-301 -268
-284 -290
-292 -285
-297 -303
-300 -335
-312 -318
-300 -332
-288 -327
-280 -294
-273 -300
-288 -263
-307 -252
-319 -283
-332 -275
-328 -329
-306 -336
-299 -318
-288 -310
-280 -283
-286 -270
-284 -277
-287 -306
-291 -300
-290 -301
-303 -306
-315 -298
-328 -314
-337 -326
-307 -328
-299 -316
-294 -292
-273 -297
-280 -289
-274 -276
-278 -285
-307 -269
-321 -245
-333 -262
-327 -289
-300 -326
-294 -354
-296 -360
-302 -350
-311 -299
-301 -283
-295 -268
-296 -255
-298 -296
-289 -315
-282 -309
-264 -305
-281 -276
-309 -255
-305 -274
-309 -305
-291 -319
-297 -345
-297 -345
-313 -348
-322 -323
-327 -307
-316 -302
-303 -290
-294 -282
-295 -288
-298 -276
-292 -265
-296 -288
-298 -303
-298 -305
-307 -311
-300 -301
-296 -314
-295 -324
-304 -327
-322 -316
-300 -300
-288 -286
-280 -283
-270 -292
-283 -299
-295 -304
-308 -292
-317 -291
-333 -279
-330 -277
-303 -294
-300 -306
-281 -318
-266 -327
-272 -333
-277 -302
-300 -294
-300 -291
-307 -264
-313 -270
-308 -276
-325 -285
-312 -318
-295 -340
-293 -343
-293 -336
-315 -307
-325 -300
-302 -263
-298 -252
-294 -280
-275 -279
-286 -312
-282 -329
-270 -328
-298 -298
-315 -277
-320 -254
-334 -261
-320 -307
-297 -321
-297 -323
-292 -314
-278 -304
-281 -315
-270 -332
-270 -332
-286 -308
-310 -301
-314 -283
-316 -266
-299 -269
-285 -274
-290 -292
-290 -296
-284 -320
-290 -325
-305 -323
-308 -333
-311 -306
-301 -300
-292 -282
-306 -268
-321 -272
-322 -272
-306 -290
-299 -292
-296 -321
-294 -316
-293 -302
-281 -305
-260 -271
-284 -287
-295 -290
-318 -305
-330 -337
-309 -322
-313 -328
-308 -329
-323 -304
-332 -295
-314 -293
-306 -298
-287 -304
-273 -291
-284 -286
-277 -273
-276 -266
-294 -294
-311 -308
-319 -312
-330 -307
-325 -278
-303 -284
-294 -288
-296 -315
-293 -341
-285 -324
-280 -326
-276 -307
-292 -289
-307 -295
-313 -289
-298 -285
-277 -288
-295 -270
-310 -270
-327 -297
-334 -310
-317 -333
-317 -333
-297 -344
-297 -327
-299 -307
-291 -302
-295 -287
-297 -269
-297 -280
-301 -259
-300 -278
-300 -293
-296 -317
-281 -338
-270 -331
-272 -334
-279 -298
-314 -295
-343 -291
-343 -284
-336 -282
-295 -277
-284 -288
-286 -294
-291 -306
-308 -276
-300 -278
-295 -290
-296 -306
-309 -334
-312 -308
-300 -283
-295 -279
-294 -294
-292 -302
-293 -303
-288 -303
-284 -304
-290 -312
-293 -325
-291 -306
-303 -294
-313 -296
-326 -298
-327 -307
-302 -299
-295 -285
-293 -284
-281 -288
-288 -290
-286 -289
-284 -261
-293 -280
-291 -301
-279 -315
-293 -338
-300 -318
-307 -305
-326 -297
-320 -305
-329 -308
-320 -314
-307 -320
-301 -316
-295 -303
-296 -296
-296 -296
-292 -295
-293 -274
-294 -274
-306 -259
-310 -274
-297 -302
-298 -323
-299 -332
-306 -300
-299 -269
-292 -279
-293 -289
-302 -313
-323 -335
-309 -307
-305 -290
-297 -282
-278 -294
-288 -312
-293 -316
-295 -319
-316 -310
-325 -312
-308 -314
-297 -292
-295 -295
-286 -289
-278 -303
-273 -312
-275 -297
-292 -299
-306 -295
-316 -304
-321 -296
-316 -282
-315 -266
-305 -278
-297 -302
-294 -302
-290 -314
-291 -313
-287 -318
-277 -322
-279 -304
-306 -298
-318 -292
-328 -299
-339 -295
-304 -273
-293 -269
-291 -280
-279 -305
-279 -333
-270 -344
-281 -329
-277 -307
-313 -301
-326 -286
-304 -276
-310 -277
-295 -273
-299 -291
-310 -298
-310 -298
-309 -316
-295 -324
-279 -321
-275 -296
-296 -280
-310 -269
-317 -275
-318 -299
-307 -324
-310 -339
-320 -327
-302 -326
-296 -309
-297 -294
-297 -271
-296 -277
-299 -285
-297 -293
-298 -312
-306 -320
-295 -320
-290 -305
-285 -307
-293 -288
-303 -270
-309 -280
-310 -267
-305 -274
-294 -311
-292 -303
-295 -293
-307 -309
-303 -289
-295 -278
-293 -316
-294 -295
-312 -299
-322 -336
-319 -321
-299 -334
-298 -328
-299 -296
-303 -297
-296 -283
-293 -274
-296 -275
-297 -273
-311 -292
-300 -297
-294 -319
-295 -325
-308 -323
-315 -322
-301 -299
-300 -292
-296 -286
-293 -302
-294 -322
-292 -305
-286 -299
-298 -293
-313 -293
-316 -288
-312 -274
-312 -274
-301 -272
-300 -281
-281 -305
-284 -330
-297 -337
-300 -323
-319 -302
-325 -296
-305 -293
-299 -303
-286 -297
-270 -279
-275 -264
-262 -270
-283 -297
-289 -295
-315 -323
-338 -313
-320 -306
-329 -312
-316 -284
-293 -282
-294 -298
-295 -313
-281 -318
-282 -323
-273 -313
-284 -297
-305 -298
-311 -294
-314 -298
-291 -285
-270 -274
-290 -248
-303 -258
-312 -306
-316 -320
-297 -353
-283 -348
-297 -316
-315 -300
-323 -292
-337 -283
-320 -298
-298 -319
-297 -311
-285 -300
-270 -292
-272 -287
-272 -277
-292 -277
-306 -265
-313 -282
-312 -299
-304 -294
-315 -323
-313 -310
-302 -310
-289 -319
-275 -308
-270 -308
-294 -299
-309 -303
-309 -303
-310 -298
-310 -287
-288 -282
-281 -270
-304 -246
-321 -265
-334 -303
-334 -327
-307 -360
-293 -353
-294 -331
-297 -314
-311 -298
-319 -294
-302 -282
-298 -277
-294 -273
-278 -260
-282 -287
-275 -294
-269 -298
-298 -327
-307 -317
-308 -329
-321 -321
-317 -295
-323 -296
-321 -292
-303 -307
-299 -300
-296 -288
-287 -293
-294 -294
-297 -314
-300 -301
-319 -286
-304 -289
-298 -286
-296 -310
-285 -318
-283 -310
-270 -297
-276 -293
-289 -293
-308 -273
-332 -275
-328 -280
-318 -287
-305 -312
-297 -330
-298 -329
-303 -316
-296 -298
-290 -301
-288 -297
-291 -301
-312 -304
-319 -295
-314 -300
-299 -304
-298 -305
-296 -303
-282 -298
-295 -291
-295 -291
-299 -292
-302 -292
-310 -299
-300 -307
-296 -313
-296 -304
-300 -296
-298 -297
-300 -284
-297 -284
-295 -282
-294 -265
-292 -282
-295 -308
-306 -299
-313 -308
-302 -323
-299 -314
-299 -330
-299 -311
-300 -287
-300 -288
-300 -287
-299 -316
-296 -321
-291 -297
-288 -297
-301 -295
-317 -294
-318 -297
-303 -289
-300 -284
-286 -284
-274 -291
-285 -290
-281 -289
-277 -310
-289 -324
-307 -334
-297 -317
-312 -302
-322 -294
-314 -269
-330 -274
-313 -277
-301 -290
-295 -305
-283 -320
-284 -331
-274 -320
-285 -313
-304 -309
-311 -299
-311 -291
-294 -291
-297 -287
-314 -287
-331 -286
-316 -289
-299 -298
-294 -306
-293 -322
-302 -335
-302 -329
-294 -329
-280 -312
-263 -290
-285 -275
-295 -283
-310 -294
-336 -306
-331 -296
-328 -274
-313 -247
-299 -250
-276 -292
-284 -329
-300 -349
-306 -335
-313 -300
-302 -254
-298 -275
-296 -288
-289 -315
-290 -341
-285 -318
-276 -322
-287 -306
-300 -293
-312 -299
-324 -282
-334 -270
-309 -263
-299 -278
-288 -284
-270 -313
-279 -340
-268 -322
-285 -330
-299 -290
-311 -267
-331 -253
-318 -267
-305 -303
-290 -326
-273 -336
-260 -307
-287 -293
-295 -272
-318 -252
-337 -277
-330 -307
-332 -316
-303 -351
-298 -347
-295 -325
-289 -310
-286 -302
-278 -286
-270 -264
-290 -277
-308 -260
-309 -278
-306 -300
-279 -309
-282 -331
-302 -326
-294 -312
-294 -312
-309 -294
-318 -289
-312 -283
-334 -298
-324 -306
-305 -298
-298 -287
-275 -266
-275 -289
-280 -289
-268 -302
-295 -331
-312 -323
-303 -334
-311 -313
-317 -298
-314 -296
-331 -286
-327 -296
-305 -283
-298 -277
-276 -294
-284 -305
-296 -315
-300 -311
-322 -289
-312 -272
-299 -294
-297 -299
-284 -297
-278 -315
-273 -308
-278 -319
-298 -325
-299 -303
-323 -296
-322 -287
-316 -301
-333 -322
-300 -326
-292 -307
-290 -296
-293 -287
-304 -264
-295 -265
-295 -276
-291 -286
-309 -313
-313 -335
-286 -335
-273 -332
-268 -308
-289 -301
-305 -291
-319 -276
-328 -280
-318 -266
-309 -268
-305 -291
-296 -309
-289 -335
-292 -342
-281 -336
-281 -336
-273 -307
-289 -299
-305 -279
-301 -259
-294 -261
-292 -275
-300 -288
-309 -319
-310 -331
-291 -309
-291 -306
-307 -294
-319 -302
-331 -318
-322 -320
-301 -308
-290 -299
-289 -291
-296 -299
-314 -298
-310 -287
-302 -275
-298 -267
-281 -290
-284 -303
-285 -307
-274 -304
-272 -302
-295 -310
-289 -316
-311 -304
-332 -284
-321 -279
-332 -268
-318 -282
-298 -306
-296 -301
-276 -311
-266 -324
-268 -314
-283 -311
-298 -304
-313 -294
-333 -297
-326 -306
-328 -306
-309 -292
-300 -273
-283 -250
-273 -278
-284 -308
-274 -324
-289 -339
-312 -311
-308 -283
-308 -282
-300 -302
-298 -317
-312 -330
-332 -333
-337 -312
-312 -290
-302 -291
-289 -287
-289 -287
-263 -302
-268 -317
-269 -296
-284 -298
-312 -294
-336 -301
-343 -292
-330 -276
-312 -278
-300 -283
-281 -304
-275 -315
-288 -320
-287 -313
-281 -312
-290 -305
-304 -295
-301 -301
-312 -299
-302 -292
-290 -287
-300 -270
-313 -267
-311 -301
-301 -303
-296 -294
-294 -318
-308 -310
-317 -319
-303 -335
-297 -322
-298 -301
-303 -297
-305 -285
-304 -275
-302 -279
-279 -267
-291 -291
-299 -308
-302 -315
-309 -312
-302 -285
-299 -289
-297 -301
-299 -317
-296 -324
-287 -322
-277 -313
-276 -289
-297 -299
-313 -295
-325 -290
-336 -292
-321 -275
-308 -275
-293 -293
-283 -306
-291 -293
-294 -305
-289 -288
-291 -274
-288 -316
-288 -297
-298 -296
-298 -296
-298 -330
-293 -320
-283 -332
-297 -314
-312 -298
-322 -298
-337 -258
-306 -278
-296 -293
-294 -282
-284 -312
-287 -316
-281 -316
-271 -319
-289 -307
-315 -302
-321 -292
-328 -302
-319 -311
-309 -297
-298 -286
-299 -264
-286 -269
-276 -298
-283 -308
-277 -326
-285 -333
-312 -308
-315 -293
-312 -277
-305 -270
-279 -295
-275 -309
-297 -311
-305 -301
-308 -286
-306 -297
-294 -321
-306 -332
-321 -341
-336 -307
-333 -290
-311 -296
-300 -290
-279 -299
-278 -295
-295 -285
-301 -287
-319 -296
-303 -300
-292 -289
-294 -265
-295 -285
-304 -291
-296 -315
-283 -331
-268 -302
-281 -280
-306 -284
-310 -286
-310 -303
-294 -336
-286 -320
-286 -320
-305 -329
-315 -330
-322 -301
-317 -302
-308 -297
-308 -278
-297 -280
-298 -264
-295 -273
-276 -291
-280 -310
-269 -336
-282 -336
-301 -302
-313 -275
-329 -264
-315 -268
-302 -309
-290 -337
-274 -349
-273 -334
-298 -305
-303 -298
-309 -282
-311 -265
-303 -271
-310 -273
-299 -289
-284 -293
-264 -322
-277 -325
-290 -325
-321 -331
-327 -300
-313 -297
-323 -292
-309 -292
-306 -293
-293 -275
-280 -254
-262 -277
-280 -295
-299 -321
-312 -339
-338 -313
-335 -307
-331 -283
-307 -266
-296 -291
-292 -286
-279 -305
-288 -334
-287 -318
-280 -331
-284 -300
-298 -279
-311 -284
-324 -275
-336 -290
-314 -302
-297 -307
-291 -317
-295 -324
-308 -327
-308 -327
-297 -315
-283 -289
-265 -296
-279 -291
-293 -290
-311 -288
-333 -272
-325 -280
-326 -287
-306 -316
-297 -340
-297 -339
-301 -331
-305 -308
-298 -300
-298 -263
-298 -253
-294 -272
-298 -276
-298 -314
-298 -338
-303 -344
-292 -337
-272 -310
-270 -303
-295 -275
-298 -273
-313 -298
-320 -301
-316 -314
-327 -304
-313 -290
-303 -292
-293 -300
-270 -319
-271 -308
-277 -291
-291 -294
-303 -288
-313 -297
-315 -292
-310 -269
-315 -265
-307 -291
-304 -304
-300 -327
-284 -342
-286 -320
-272 -303
-274 -301
-305 -292
-312 -286
-309 -294
-288 -284
-286 -281
-300 -280
-309 -273
-322 -293
-312 -289
-307 -313
-316 -337
-310 -312
-301 -314
-301 -314
-302 -290
-293 -279
-289 -276
-301 -282
-301 -306
-293 -302
-295 -300
-288 -305
-281 -300
-288 -317
-286 -336
-302 -325
-309 -306
-307 -298
-306 -281
-281 -278
-285 -282
-300 -278
-312 -285
-320 -299
-311 -318
-305 -320
-311 -332
-320 -327
-302 -303
-301 -298
-300 -295
-288 -285
-293 -280
-296 -275
-297 -258
-308 -284
-306 -301
-301 -325
-301 -341
-304 -315
-311 -312
-299 -302
-296 -309
-296 -316
-307 -292
-320 -288
-302 -277
-296 -275
-287 -289
-269 -292
-273 -311
-271 -321
-291 -335
-297 -311
-327 -285
-338 -283
-327 -272
-332 -285
-306 -307
-296 -311
-276 -321
-279 -332
-284 -323
-276 -302
-289 -297
-310 -276
-320 -271
-334 -275
-334 -275
-332 -259
-310 -298
-291 -299
-280 -319
-288 -347
-298 -331
-308 -327
-299 -308
-289 -295
-284 -271
-285 -276
-301 -278
-311 -275
-314 -292
-302 -304
-296 -320
-296 -327
-299 -337
-307 -301
-299 -280
-298 -284
-297 -279
-292 -309
-294 -321
-291 -324
-284 -303
-288 -298
-289 -295
-286 -271
-299 -281
-313 -279
-328 -272
-332 -301
-308 -322
-300 -316
-288 -322
-278 -306
-284 -303
-277 -307
-278 -291
-302 -299
-319 -296
-330 -307
-340 -305
-313 -289
-305 -286
-289 -274
-281 -284
-295 -291
-286 -302
-283 -320
-283 -331
-271 -335
-285 -312
-309 -293
-312 -273
-318 -276
-311 -290
-306 -305
-315 -325
-298 -316
-293 -302
-288 -295
-288 -295
-288 -287
-314 -275
-322 -272
-302 -268
-297 -290
-295 -306
-284 -328
-287 -343
-281 -326
-291 -306
-302 -301
-310 -293
-307 -292
-291 -298
-298 -284
-313 -274
-325 -272
-317 -301
-298 -314
-296 -307
-299 -297
-310 -290
-304 -300
-303 -314
-299 -321
-292 -317
-293 -308
-279 -312
-265 -299
-287 -297
-301 -297
-306 -268
-331 -274
-323 -282
-313 -283
-307 -313
-295 -335
-295 -333
-310 -325
-315 -302
-300 -295
-297 -291
-293 -295
-292 -298
-293 -284
-287 -276
-286 -266
-293 -290
-306 -311
-314 -304
-316 -292
-310 -297
-296 -277
-295 -302
-296 -328
-302 -302
-298 -291
-293 -291
-296 -284
-299 -296
-317 -331
-304 -318
-296 -324
-298 -325
-298 -325
-301 -303
-310 -289
-300 -280
-296 -281
-290 -281
-281 -282
-285 -295
-279 -302
-271 -316
-296 -327
-314 -327
-313 -287
-316 -267
-305 -273
-296 -278
-305 -311
-315 -333
-307 -339
-297 -326
-293 -305
-293 -300
-307 -292
-311 -286
-297 -292
-295 -277
-296 -263
-294 -286
-295 -300
-293 -298
-293 -314
-305 -310
-321 -318
-305 -334
-295 -320
-295 -309
-296 -290
-302 -270
-295 -278
-293 -270
-294 -259
-301 -294
-299 -308
-289 -325
-281 -342
-275 -318
-301 -314
-318 -307
-323 -299
-334 -291
-324 -273
-295 -252
-292 -278
-287 -308
-276 -322
-287 -331
-290 -307
-302 -263
-319 -274
-329 -289
-311 -305
-299 -324
-295 -314
-293 -319
-293 -319
-292 -319
-278 -321
-268 -301
-283 -297
-294 -291
-324 -298
-339 -295
-329 -275
-333 -271
-306 -286
-297 -305
-276 -329
-269 -340
-272 -315
-275 -300
-302 -296
-307 -292
-306 -307
-303 -301
-303 -285
-314 -277
-328 -260
-306 -294
-294 -310
-291 -305
-291 -294
-293 -296
-280 -287
-264 -278
-276 -316
-289 -302
-317 -295
-333 -310
-310 -305
-309 -311
-285 -315
-289 -317
-310 -309
-325 -313
-337 -309
-322 -288
-301 -280
-293 -255
-275 -278
-281 -297
-295 -310
-299 -333
-320 -331
-316 -330
-297 -306
-295 -302
-295 -290
-303 -283
-300 -292
-298 -283
-302 -278
-293 -280
-299 -294
-301 -313
-295 -317
-290 -331
-289 -328
-271 -299
-273 -302
-273 -302
-297 -291
-302 -270
-320 -273
-318 -267
-300 -285
-294 -299
-280 -320
-276 -333
-294 -328
-306 -309
-305 -287
-302 -277
-296 -259
-306 -280
-326 -310
-320 -302
-303 -312
-294 -328
-295 -315
-309 -330
-323 -307
-305 -281
-299 -276
-298 -257
-280 -292
-290 -314
-288 -305
-280 -307
-279 -288
-289 -282
-304 -305
-307 -312
-312 -318
-302 -311
-294 -301
-308 -306
-323 -315
-336 -319
-317 -301
-303 -297
-297 -294
-280 -302
-287 -289
-292 -271
-296 -264
-312 -266
-314 -314
-297 -335
-292 -325
-293 -308
-305 -263
-316 -278
-306 -287
-303 -308
-294 -335
-281 -308
-284 -304
-263 -277
-278 -255
-297 -283
-302 -303
-334 -323
-330 -338
-330 -338
-331 -303
-322 -267
-307 -279
-290 -293
-275 -320
-293 -344
-299 -322
-315 -322
-313 -311
-301 -291
-298 -298
-292 -295
-290 -292
-294 -298
-296 -287
-299 -287
-315 -288
-299 -297
-296 -291
-298 -265
-289 -286
-297 -295
-298 -323
-298 -350
-312 -332
-315 -335
-302 -301
-298 -299
-297 -287
-285 -272
-288 -291
-286 -297
-279 -311
-290 -307
-292 -305
-300 -297
-310 -292
-326 -287
-336 -277
-313 -262
-301 -282
-278 -290
-265 -311
-274 -338
-271 -325
-300 -338
-307 -314
-299 -300
-310 -280
-305 -274
-313 -290
-332 -302
-311 -324
-305 -320
-300 -311
-292 -302
-290 -286
-278 -281
-265 -283
-282 -287
-297 -290
-314 -293
-336 -293
-329 -299
-329 -299
-328 -311
-310 -309
-301 -306
-283 -286
-285 -281
-300 -305
-306 -320
-300 -335
-295 -328
-292 -300
-291 -296
-312 -270
-321 -261
-303 -257
-299 -272
-275 -313
-258 -323
-271 -320
-284 -315
-305 -301
-332 -317
-343 -339
-333 -326
-323 -308
-309 -296
-291 -278
-281 -277
-293 -289
-285 -299
-279 -318
-275 -311
-274 -309
-298 -294
-309 -274
-303 -284
-291 -283
-285 -288
-301 -301
-313 -299
-317 -288
-301 -264
-282 -286
-274 -295
-287 -318
-308 -346
-308 -330
-316 -328
-315 -299
-311 -292
-320 -295
-309 -282
-304 -289
-297 -276
-287 -273
-290 -294
-289 -304
-286 -308
-293 -294
-306 -282
-310 -296
-316 -316
-314 -323
-295 -329
-295 -329
-293 -318
-295 -300
-300 -307
-322 -295
-303 -275
-297 -279
-297 -260
-284 -280
-292 -301
-295 -308
-297 -330
-312 -327
-324 -320
-306 -302
-301 -295
-294 -286
-277 -300
-284 -320
-283 -303
-267 -303
-285 -295
-307 -280
-298 -291
-312 -283
-317 -281
-307 -281
-311 -298
-300 -319
-287 -322
-270 -342
-286 -328
-309 -295
-309 -297
-314 -287
-302 -282
-302 -282
-314 -270
-313 -284
-303 -296
-295 -308
-290 -320
-302 -319
-320 -319
-324 -316
-307 -304
-301 -293
-298 -299
-280 -303
-285 -294
-280 -291
-269 -283
-293 -292
-315 -314
-319 -325
-324 -291
-313 -271
-304 -272
-301 -276
-294 -311
-295 -338
-299 -341
-310 -302
-318 -284
-305 -256
-305 -256
-299 -266
-282 -291
-278 -319
-286 -340
-280 -321
-289 -328
-312 -306
-322 -286
-333 -295
-339 -293
-306 -312
-298 -298
-286 -276
-271 -258
-292 -268
-296 -291
-308 -321
-317 -337
-299 -307
-295 -303
-290 -273
-300 -269
-303 -295
-296 -299
-297 -317
-297 -331
-311 -322
-305 -316
-299 -306
-297 -296
-298 -290
-294 -280
-291 -270
-289 -270
-293 -280
-314 -310
-319 -336
-301 -339
-298 -334
-298 -318
-301 -300
-300 -294
-296 -277
-296 -277
-295 -277
-282 -269
-284 -291
-271 -309
-270 -322
-312 -331
-309 -328
-307 -296
-305 -285
-299 -291
-312 -291
-328 -321
-313 -318
-305 -298
-301 -298
-284 -291
-293 -289
-299 -293
-299 -284
-299 -284
-300 -287
-296 -291
-291 -295
-289 -285
-308 -278
-322 -305
-303 -300
-298 -288
-292 -305
-291 -281
-306 -304
-294 -327
-284 -301
-267 -281
-278 -283
-301 -279
-303 -306
-331 -326
-332 -312
-327 -327
-318 -324
-299 -332
-295 -317
-295 -306
-305 -295
-293 -281
-284 -283
-274 -272
-268 -259
-292 -286
-308 -290
-310 -316
-308 -333
-293 -301
-290 -289
-302 -288
-316 -282
-333 -302
-328 -335
-301 -318
-297 -315
-294 -306
-271 -296
-270 -303
-270 -313
-282 -301
-302 -295
-332 -297
-338 -263
-328 -278
-306 -292
-295 -285
-292 -306
-277 -308
-287 -308
-283 -314
-271 -326
-290 -309
-314 -293
-324 -296
-336 -292
-327 -303
-303 -286
-298 -274
-298 -274
-276 -287
-277 -298
-293 -306
-300 -298
-320 -290
-308 -297
-298 -307
-295 -311
-297 -299
-292 -275
-292 -281
-291 -304
-294 -301
-316 -287
-322 -298
-300 -288
-295 -313
-295 -335
-297 -307
-297 -288
-283 -284
-269 -296
-272 -305
-307 -308
-312 -284
-310 -292
-290 -294
-282 -295
-299 -317
-307 -311
-313 -319
-295 -332
-287 -330
-303 -303
-318 -294
-332 -294
-333 -265
-302 -276
-293 -290
-286 -287
-264 -310
-274 -324
-291 -321
-289 -318
-319 -300
-335 -288
-326 -268
-321 -249
-305 -283
-300 -310
-277 -313
-276 -335
-270 -332
-282 -310
-303 -306
-303 -296
-322 -276
-318 -264
-313 -287
-310 -301
-303 -297
-296 -321
-296 -319
-296 -319
-301 -322
-289 -338
-272 -310
-277 -302
-298 -289
-294 -268
-307 -272
-314 -269
-309 -287
-330 -298
-324 -326
-302 -328
-298 -313
-299 -317
-298 -301
-296 -300
-293 -309
-292 -314
-305 -292
-319 -291
-310 -284
-298 -292
-297 -315
-286 -324
-276 -306
-272 -297
-279 -297
-298 -272
-309 -275
-316 -263
-304 -279
-296 -289
-311 -315
-309 -336
-294 -309
-277 -312
-275 -294
-293 -287
-307 -289
-310 -285
-298 -289
-285 -299
-300 -317
-315 -324
-330 -334
-333 -323
-311 -291
-299 -296
-297 -291
-278 -294
-278 -296
-278 -284
-264 -280
-292 -269
-299 -277
-303 -306
-325 -298
-323 -309
-327 -334
-312 -318
-301 -334
-295 -327
-300 -300
-307 -300
-307 -300
-302 -268
-300 -255
-284 -265
-282 -271
-287 -315
-284 -339
-280 -344
-296 -336
-309 -311
-308 -299
-310 -296
-293 -288
-287 -285
-304 -288
-319 -294
-334 -299
-331 -314
-300 -317
-297 -316
-299 -290
-283 -268
-288 -247
-286 -259
-282 -304
-287 -324
-291 -336
-310 -303
-317 -271
-326 -281
-333 -289
-305 -283
-296 -316
-296 -299
-285 -310
-285 -343
-268 -328
-271 -332
-288 -308
-313 -296
-341 -276
-339 -265
-335 -261
-308 -273
-296 -291
-276 -317
-270 -342
-285 -336
-278 -335
-292 -305
-309 -299
-317 -272
-330 -258
-330 -258
-306 -275
-294 -300
-275 -324
-271 -342
-278 -321
-274 -321
-301 -285
-317 -269
-326 -264
-338 -267
-338 -267
-309 -299
-301 -296
-285 -320
-271 -315
-289 -309
-291 -326
-305 -317
-319 -303
-320 -287
-304 -286
-300 -271
-297 -273
-266 -293
-277 -304
-269 -316
-275 -324
-314 -326
-305 -309
-311 -288
-309 -290
-306 -287
-321 -305
-309 -323
-300 -320
-295 -305
-297 -294
-305 -288
-296 -274
-296 -274
-293 -255
-295 -280
-293 -306
-288 -325
-279 -341
-276 -315
-297 -315
-310 -309
-314 -296
-318 -300
-309 -294
-301 -299
-308 -292
-312 -278
-300 -262
-297 -274
-292 -288
-278 -317
-282 -337
-273 -316
-290 -330
-302 -317
-313 -295
-332 -299
-324 -298
-316 -305
-302 -292
-288 -273
-280 -242
-291 -242
-309 -292
-316 -322
-321 -355
-305 -348
-305 -323
-292 -323
-289 -314
-285 -290
-296 -289
-306 -291
-306 -265
-308 -271
-317 -275
-298 -281
-297 -309
-299 -329
-289 -335
-290 -331
-281 -307
-285 -301
-300 -283
-321 -262
-331 -265
-323 -278
-294 -282
-291 -312
-293 -341
-296 -325
-307 -335
-291 -317
-274 -292
-272 -295
-293 -268
-305 -261
-305 -254
-287 -270
-284 -307
-295 -326
-294 -342
-321 -315
-320 -301
-319 -293
-336 -298
-316 -301
-300 -300
-296 -300
-277 -305
-278 -312
-280 -304
-272 -301
-293 -295
-314 -282
-321 -277
-334 -270
-322 -241
-300 -254
-297 -287
-277 -322
-268 -342
-268 -320
-284 -308
-299 -297
-315 -314
-337 -336
-327 -321
-332 -301
-306 -292
-295 -290
-293 -279
-293 -279
-278 -277
-293 -270
-295 -272
-295 -305
-311 -314
-312 -306
-297 -285
-296 -284
-295 -282
-298 -297
-291 -336
-279 -322
-264 -333
-284 -328
-302 -293
-309 -296
-328 -283
-320 -279
-313 -279
-306 -272
-301 -290
-291 -300
-285 -312
-281 -316
-275 -312
-291 -306
-303 -301
-308 -286
-313 -273
-306 -287
-312 -304
-313 -307
-299 -292
-284 -297
-274 -285
-274 -295
-302 -330
-310 -321
-307 -333
-309 -304
-304 -273
-313 -243
-325 -252
-320 -304
-303 -312
-300 -342
-301 -338
-298 -321
-293 -326
-280 -311
-265 -292
-291 -271
-309 -277
-310 -293
-309 -308
-283 -327
-286 -312
-303 -305
-311 -297
-308 -276
-287 -287
-284 -283
-299 -284
-314 -294
-314 -294
-324 -287
-321 -292
-313 -302
-298 -314
-298 -317
-300 -318
-298 -309
-299 -308
-300 -299
-299 -296
-301 -297
-303 -272
-297 -268
-296 -268
-295 -275
-289 -315
-282 -340
-268 -340
-282 -330
-297 -313
-316 -293
-338 -293
-328 -299
-324 -290
-309 -288
-300 -275
-278 -266
-282 -287
-295 -303
-300 -310
-319 -312
-310 -311
-299 -317
-296 -330
-296 -309
-308 -289
-298 -292
-295 -288
-296 -308
-299 -300
-297 -285
-291 -286
-290 -284
-293 -300
-317 -301
-321 -295
-304 -286
-300 -263
-284 -287
-275 -295
-287 -319
-283 -345
-285 -327
-299 -328
-311 -300
-322 -295
-336 -292
-335 -262
-313 -277
-293 -291
-283 -292
-280 -310
-290 -288
-290 -288
-290 -289
-288 -284
-280 -295
-270 -336
-293 -324
-310 -338
-310 -322
-314 -295
-300 -297
-300 -285
-315 -285
-323 -280
-311 -272
-305 -287
-290 -293
-274 -318
-281 -328
-265 -326
-287 -302
-300 -277
-307 -252
-322 -261
-315 -307
-316 -323
-300 -321
-285 -317
-268 -310
-279 -319
-302 -336
-309 -303
-327 -298
-326 -293
-321 -289
-311 -292
-304 -270
-297 -267
-279 -285
-289 -304
-292 -329
-291 -337
-307 -323
-309 -301
-304 -299
-305 -292
-311 -299
-315 -297
-297 -279
-296 -264
-296 -274
-288 -296
-293 -290
-281 -319
-265 -302
-285 -290
-296 -307
-306 -299
-331 -316
-325 -330
-333 -337
-313 -311
-296 -298
-291 -289
-290 -270
-295 -277
-295 -277
-297 -270
-298 -278
-302 -302
-298 -306
-296 -311
-294 -307
-293 -308
-313 -316
-314 -316
-294 -303
-284 -284
-281 -284
-285 -285
-295 -297
-290 -296
-284 -285
-299 -283
-315 -296
-329 -315
-338 -313
-307 -309
-299 -290
-293 -280
-275 -304
-292 -312
-294 -326
-298 -330
-317 -310
-322 -297
-309 -292
-303 -298
-300 -298
-279 -294
-284 -285
-280 -266
-271 -273
-290 -303
-307 -309
-312 -292
-313 -305
-305 -285
-278 -301
-278 -336
-298 -316
-296 -327
-322 -316
-331 -309
-324 -298
-333 -288
-306 -293
-295 -297
-287 -319
-267 -299
-275 -279
-292 -265
-305 -260
-327 -294
-335 -284
-312 -306
-296 -323
-296 -315
-298 -328
-295 -310
-295 -310