-3 0
-6 0
-13 -9
-25 -22
-41 -41
-62 -61
-75 -72
-86 -80
-90 -79
-86 -82
-85 -81
-77 -82
-80 -78
-80 -80
-83 -82
-91 -82
-91 -82
-88 -89
-92 -86
-85 -91
-79 -88
-80 -90
-83 -84
-93 -79
-97 -90
-101 -94
-94 -97
-93 -98
-91 -93
-95 -84
-93 -93
-92 -99
-95 -97
-89 -100
-97 -99
-92 -87
-95 -91
-96 -99
-91 -100
-99 -100
-97 -103
-96 -90
-102 -90
-95 -99
-97 -96
-100 -99
-94 -100
-99 -95
-96 -92
-94 -99
-104 -102
-97 -100
-100 -101
-100 -99
-93 -91
-98 -93
-95 -100
-94 -103
-96 -106
-99 -106
-99 -95
-105 -87
-104 -90
-97 -98
-106 -108
-100 -111
-100 -106
-101 -99
-91 -90
-95 -93
-93 -99
-93 -97
-99 -98
-104 -97
-108 -94
-113 -90
-104 -91
-101 -88
-94 -88
-94 -94
-94 -94
-100 -93
-96 -102
-100 -109
-93 -114
-94 -112
-100 -105
-99 -102
-104 -100
-104 -107
-95 -104
-98 -102
-100 -94
-93 -95
-101 -102
-102 -96
-96 -99
-104 -100
-104 -98
-95 -95
-104 -102
-104 -103
-97 -102
-103 -102
-95 -100
-96 -97
-98 -90
-94 -95
-101 -97
-101 -103
-99 -113
-103 -108
-105 -103
-94 -96
-100 -87
-102 -93
-95 -100
-104 -105
-100 -108
-97 -105
-103 -101
-95 -89
-95 -91
-99 -98
-96 -101
-100 -110
-102 -107
-98 -101
-95 -92
-100 -86
-105 -89
-106 -92
-106 -99
-105 -106
-94 -110
-97 -112
-102 -112
-96 -104
-104 -102
-103 -95
-97 -88
-102 -100
-96 -103
-93 -105
-101 -105
-101 -105
-98 -102
-98 -89
-102 -88
-96 -99
-93 -103
-97 -115
-101 -113
-108 -107
-111 -97
-109 -91
-104 -97
-96 -94
-98 -95
-92 -98
-91 -101
-102 -101
-99 -98
-106 -100
-104 -100
-96 -101
-100 -103
-101 -103
-99 -96
-102 -93
-99 -98
-95 -101
-101 -103
-102 -103
-102 -104
-106 -98
-97 -92
-99 -97
-97 -99
-96 -99
-105 -99
-98 -100
-101 -98
-98 -92
-94 -94
-99 -94
-98 -95
-99 -109
-105 -116
-102 -111
-105 -110
-106 -100
-98 -96
-100 -99
-94 -92
-96 -95
-96 -102
-95 -94
-104 -97
-97 -104
-101 -102
-106 -107
-101 -108
-106 -102
-99 -93
-96 -97
-97 -96
-92 -92
-101 -99
-101 -99
-100 -97
-98 -94
-105 -99
-99 -101
-100 -106
-100 -105
-95 -105
-103 -99
-97 -92
-102 -100
-104 -103
-96 -100
-101 -103
-94 -98
-97 -89
-99 -96
-97 -101
-102 -104
-101 -103
-101 -102
-106 -97
-99 -89
-99 -93
-98 -93
-95 -98
-103 -112
-97 -119
-100 -113
-103 -107
-95 -97
-102 -90
-102 -98
-97 -97
-104 -97
-101 -98
-103 -97
-99 -93
-95 -99
-100 -102
-96 -105
-103 -109
-104 -103
-97 -102
-105 -90
-97 -93
-98 -101
-100 -102
-94 -104
-102 -104
-97 -90
-99 -85
-102 -90
-100 -92
-107 -104
-103 -112
-100 -119
-98 -113
-96 -109
-100 -102
-101 -92
-106 -95
-100 -96
-99 -97
-93 -101
-93 -101
-92 -93
-98 -95
-95 -101
-103 -101
-103 -101
-97 -100
-103 -94
-99 -88
-95 -94
-102 -97
-98 -104
-96 -113
-103 -111
-100 -106
-100 -98
-103 -89
-95 -96
-97 -101
-96 -98
-90 -106
-93 -101
-95 -92
-102 -97
-111 -103
-109 -103
-109 -106
-101 -106
-93 -88
-99 -90
-94 -98
-95 -101
-100 -108
-100 -104
-98 -100
-100 -89
-99 -92
-93 -100
-97 -105
-103 -107
-102 -104
-105 -99
-106 -87
-98 -90
-99 -99
-103 -106
-100 -111
-105 -107
-100 -102
-96 -87
-98 -86
-91 -94
-98 -100
-103 -113
-97 -113
-104 -106
-102 -99
-96 -84
-103 -87
-100 -93
-98 -101
-101 -116
-98 -114
-97 -108
-97 -108
-104 -101
-101 -90
-99 -95
-105 -99
-97 -98
-95 -99
-100 -101
-95 -95
-97 -94
-102 -100
-100 -103
-100 -105
-103 -106
-102 -103
-98 -85
-103 -87
-99 -92
-94 -97
-100 -114
-99 -118
-99 -111
-103 -105
-100 -94
-95 -87
-98 -96
-102 -98
-100 -93
-104 -95
-103 -95
-97 -98
-101 -112
-99 -107
-101 -101
-106 -101
-102 -96
-104 -97
-99 -100
-94 -98
-99 -90
-98 -92
-100 -91
-99 -94
-95 -108
-99 -115
-99 -116
-100 -106
-103 -99
-98 -86
-98 -83
-102 -91
-96 -94
-98 -108
-102 -115
-98 -117
-104 -105
-103 -99
-95 -95
-99 -87
-101 -98
-97 -104
-102 -104
-100 -105
-94 -104
-100 -94
-100 -94
-105 -93
-101 -99
-105 -95
-101 -98
-92 -100
-98 -100
-97 -95
-97 -96
-104 -98
-102 -101
-98 -110
-104 -107
-100 -100
-99 -93
-103 -87
-96 -91
-99 -98
-99 -106
-97 -115
-103 -113
-98 -107
-97 -85
-101 -79
-94 -82
-97 -83
-107 -96
-101 -103
-107 -106
-105 -109
-95 -104
-99 -98
-94 -91
-100 -88
-103 -95
-98 -95
-103 -100
-101 -104
-95 -110
-105 -110
-100 -103
-100 -97
-104 -91
-93 -97
-99 -106
-98 -113
-97 -114
-103 -108
-100 -103
-96 -95
-101 -92
-100 -97
-99 -99
-102 -100
-97 -99
-95 -99
-99 -103
-99 -98
-97 -100
-100 -101
-100 -99
-97 -104
-106 -103
-107 -100
-107 -100
-100 -86
-103 -85
-100 -89
-93 -87
-101 -100
-97 -108
-92 -112
-102 -106
-100 -99
-101 -94
-106 -92
-102 -100
-103 -108
-107 -115
-102 -117
-100 -110
-95 -106
-95 -97
-97 -91
-100 -98
-105 -98
-100 -97
-103 -102
-98 -88
-97 -89
-97 -91
-96 -91
-101 -104
-97 -105
-101 -110
-102 -112
-96 -110
-105 -102
-103 -98
-101 -92
-102 -93
-97 -106
-99 -109
-97 -107
-101 -104
-96 -87
-95 -83
-99 -91
-93 -98
-104 -115
-105 -120
-96 -110
-103 -105
-102 -93
-100 -88
-107 -94
-103 -90
-99 -96
-99 -101
-98 -105
-102 -104
-102 -107
-101 -104
-101 -92
-94 -98
-94 -97
-91 -90
-97 -100
-105 -104
-105 -104
-106 -105
-111 -105
-100 -106
-97 -97
-92 -93
-93 -102
-104 -99
-101 -97
-106 -101
-104 -96
-98 -92
-102 -98
-100 -104
-100 -109
-98 -107
-98 -106
-95 -94
-95 -91
-102 -100
-96 -105
-101 -104
-101 -108
-95 -95
-100 -88
-98 -100
-97 -96
-104 -101
-100 -106
-99 -104
-102 -98
-98 -104
-102 -101
-106 -91
-99 -99
-105 -98
-100 -94
-95 -101
-95 -105
-92 -100
-99 -103
-96 -102
-104 -90
-103 -96
-99 -100
-107 -96
-101 -97
-98 -94
-100 -93
-97 -101
-100 -111
-99 -106
-102 -104
-103 -101
-102 -93
-99 -97
-98 -98
-95 -95
-93 -95
-98 -98
-96 -101
-96 -105
-102 -104
-101 -104
-101 -104
-102 -99
-106 -89
-96 -97
-95 -101
-98 -104
-93 -105
-102 -107
-106 -98
-98 -95
-101 -104
-97 -100
-91 -99
-100 -98
-103 -92
-100 -89
-103 -97
-102 -103
-97 -109
-99 -108
-103 -101
-98 -97
-98 -87
-101 -90
-93 -97
-97 -103
-102 -113
-102 -111
-102 -107
-105 -98
-96 -90
-97 -96
-103 -96
-100 -95
-107 -97
-102 -98
-99 -101
-97 -95
-95 -93
-101 -87
-98 -83
-94 -93
-99 -98
-100 -107
-98 -112
-104 -116
-103 -110
-95 -107
-101 -105
-105 -97
-99 -101
-105 -99
-105 -86
-96 -88
-101 -87
-95 -88
-95 -96
-100 -93
-96 -99
-102 -111
-102 -122
-97 -129
-100 -121
-104 -108
-99 -99
-99 -99
-104 -91
-101 -94
-93 -94
-96 -91
-95 -98
-93 -105
-100 -106
-105 -103
-105 -102
-106 -96
-103 -90
-93 -96
-96 -101
-100 -105
-96 -106
-101 -106
-103 -100
-97 -88
-102 -92
-104 -99
-96 -103
-104 -108
-100 -106
-100 -99
-107 -91
-99 -94
-99 -98
-96 -100
-94 -99
-100 -98
-97 -97
-100 -96
-103 -95
-95 -94
-101 -93
-103 -101
-97 -112
-104 -117
-99 -111
-95 -101
-101 -94
-97 -86
-97 -97
-102 -102
-99 -107
-103 -107
-104 -103
-97 -91
-99 -88
-98 -97
-96 -101
-102 -109
-96 -106
-94 -104
-100 -92
-99 -89
-100 -98
-103 -99
-99 -106
-94 -107
-101 -104
-104 -91
-101 -91
-101 -91
-106 -97
-106 -99
-99 -108
-101 -107
-94 -103
-97 -91
-100 -91
-102 -98
-107 -102
-98 -105
-101 -105
-96 -101
-96 -92
-102 -96
-97 -98
-103 -95
-97 -97
-99 -98
-101 -98
-100 -103
-106 -99
-93 -95
-92 -95
-97 -97
-98 -110
-105 -115
-107 -105
-100 -102
-96 -92
-99 -88
-97 -94
-96 -102
-100 -110
-100 -108
-96 -106
-103 -98
-105 -93
-101 -95
-108 -100
-100 -105
-93 -102
-98 -104
-95 -99
-97 -88
-102 -92
-98 -97
-93 -105
-97 -111
-100 -107
-104 -101
-104 -85
-106 -82
-99 -89
-97 -91
-103 -99
-99 -102
-100 -101
-102 -107
-99 -111
-97 -114
-101 -109
-97 -101
-101 -98
-100 -89
-100 -89
-97 -92
-102 -99
-95 -103
-98 -106
-102 -105
-98 -99
-104 -91
-107 -95
-99 -100
-101 -102
-98 -101
-94 -101
-103 -98
-97 -95
-104 -97
-101 -103
-96 -105
-102 -108
-93 -108
-100 -100
-101 -91
-97 -92
-102 -99
-99 -97
-97 -101
-103 -101
-98 -99
-98 -97
-102 -99
-95 -101
-100 -97
-100 -97
-96 -98
-101 -98
-101 -100
-98 -102
-101 -102
-103 -101
-97 -100
-103 -98
-99 -96
-99 -95
-104 -87
-96 -88
-105 -88
-98 -83
-99 -100
-103 -113
-94 -123
-101 -131
-98 -114
-97 -103
-102 -98
-100 -91
-99 -97
-107 -100
-101 -94
-101 -89
-100 -92
-91 -90
-100 -97
-101 -108
-102 -113
-102 -113
-107 -116
-100 -109
-99 -104
-97 -97
-92 -91
-98 -99
-98 -97
-99 -95
-102 -98
-99 -97
-98 -99
-103 -101
-100 -102
-98 -104
-102 -102
-98 -100
-95 -100
-101 -84
-100 -83
-98 -89
-102 -87
-95 -92
-92 -101
-96 -109
-101 -117
-107 -125
-106 -114
-106 -106
-101 -101
-95 -94
-101 -99
-102 -94
-100 -90
-107 -98
-99 -101
-100 -103
-95 -100
-94 -98
-101 -98
-97 -93
-107 -98
-101 -101
-101 -103
-103 -106
-92 -102
-97 -100
-95 -93
-96 -92
-105 -97
-101 -101
-102 -105
-103 -108
-96 -104
-97 -98
-99 -92
-94 -92
-102 -98
-105 -104
-101 -108
-105 -105
-96 -101
-95 -95
-100 -90
-96 -99
-96 -99
-104 -103
-103 -103
-96 -104
-101 -101
-94 -95
-89 -92
-99 -99
-100 -102
-104 -102
-106 -100
-103 -98
-97 -96
-97 -96
-102 -98
-98 -101
-102 -105
-103 -107
-99 -106
-102 -105
-100 -89
-97 -88
-100 -96
-95 -101
-100 -112
-104 -107
-101 -102
-108 -96
-99 -89
-101 -96
-103 -101
-100 -106
-101 -109
-94 -104
-95 -99
-91 -86
-94 -86
-100 -88
-105 -91
-107 -101
-108 -104
-101 -111
-94 -112
-100 -110
-97 -102
-104 -96
-104 -93
-101 -87
-102 -95
-94 -96
-97 -101
-95 -112
-96 -113
-100 -107
-97 -100
-99 -92
-99 -88
-98 -93
-100 -100
-103 -108
-100 -112
-99 -107
-99 -101
-95 -88
-95 -88
-96 -86
-104 -93
-101 -100
-98 -114
-106 -116
-97 -108
-100 -100
-106 -85
-94 -83
-99 -91
-103 -96
-99 -111
-104 -117
-99 -115
-95 -108
-102 -98
-98 -87
-103 -90
-100 -98
-98 -99
-102 -102
-94 -101
-99 -97
-98 -92
-94 -94
-103 -97
-98 -102
-95 -117
-100 -111
-101 -105
-100 -90
-107 -81
-105 -90
-102 -95
-103 -112
-96 -115
-96 -110
-94 -104
-96 -93
-100 -88
-94 -94
-98 -100
-102 -101
-99 -100
-104 -99
-105 -97
-95 -93
-98 -94
-99 -96
-96 -99
-103 -112
-102 -115
-98 -110
-104 -102
-104 -90
-102 -92
-103 -97
-99 -96
-97 -99
-97 -101
-103 -97
-99 -94
-102 -98
-99 -101
-99 -101
-97 -104
-101 -109
-95 -104
-102 -95
-94 -87
-95 -88
-104 -96
-100 -104
-105 -114
-105 -109
-95 -102
-98 -98
-98 -86
-92 -91
-101 -96
-102 -103
-101 -115
-108 -110
-101 -106
-100 -96
-100 -88
-94 -93
-98 -99
-97 -104
-96 -100
-103 -99
-102 -96
-101 -94
-105 -94
-95 -94
-95 -94
-97 -99
-92 -111
-101 -116
-102 -111
-101 -105
-101 -96
-103 -90
-101 -93
-101 -99
-105 -101
-95 -100
-101 -101
-97 -99
-95 -95
-103 -98
-98 -101
-103 -102
-105 -104
-101 -106
-100 -100
-93 -95
-92 -98
-96 -98
-95 -95
-103 -96
-106 -98
-99 -100
-104 -100
-102 -100
-96 -100
-102 -99
-95 -101
-95 -101
-95 -103
-102 -99
-97 -97
-101 -96
-105 -99
-97 -104
-103 -104
-103 -106
-94 -102
-100 -93
-97 -92
-95 -97
-102 -101
-102 -105
-101 -103
-105 -100
-97 -94
-94 -89
-95 -93
-92 -96
-101 -102
-103 -113
-101 -112
-103 -105
-105 -102
-98 -95
-104 -94
-100 -103
-95 -102
-102 -98
-94 -102
-101 -95
-100 -91
-98 -98
-104 -102
-96 -108
-104 -106
-103 -103
-104 -100
-109 -89
-96 -95
-97 -102
-92 -103
-93 -107
-103 -105
-97 -100
-99 -89
-103 -92
-98 -99
-99 -103
-103 -109
-94 -104
-97 -100
-103 -94
-100 -90
-106 -97
-108 -101
-102 -106
-99 -103
-91 -104
-91 -99
-99 -89
-96 -95
-105 -97
-105 -97
-104 -100
-98 -109
-102 -104
-103 -100
-96 -96
-99 -87
-102 -91
-95 -93
-102 -95
-102 -105
-97 -115
-102 -120
-97 -113
-99 -111
-102 -95
-101 -88
-105 -94
-101 -93
-99 -96
-102 -100
-96 -102
-99 -96
-96 -98
-94 -99
-101 -100
-97 -104
-104 -102
-104 -100
-99 -93
-103 -90
-95 -95
-96 -100
-101 -105
-96 -110
-104 -101
-100 -96
-94 -95
-101 -87
-101 -92
-99 -92
-106 -91
-102 -100
-97 -103
-102 -103
-91 -103
-95 -110
-100 -114
-96 -108
-104 -105
-105 -95
-98 -86
-102 -89
-104 -96
-95 -103
-99 -113
-98 -109
-92 -102
-100 -97
-101 -89
-98 -93
-106 -101
-102 -108
-98 -110
-98 -110
-105 -109
-100 -101
-100 -91
-98 -97
-92 -98
-96 -94
-101 -99
-101 -99
-105 -97
-104 -100
-99 -102
-105 -104
-100 -102
-103 -104
-101 -102
-102 -91
-102 -96
-97 -100
-96 -103
-93 -102
-100 -102
-99 -97
-103 -86
-103 -92
-94 -91
-98 -95
-100 -107
-95 -114
-103 -117
-101 -109
-98 -105
-101 -100
-96 -94
-95 -98
-102 -92
-102 -92
-103 -96
-104 -97
-98 -97
-99 -96
-97 -98
-92 -104
-100 -112
-102 -108
-103 -104
-108 -96
-99 -89
-95 -97
-99 -102
-93 -104
-98 -102
-101 -100
-100 -94
-101 -91
-103 -99
-95 -104
-97 -108
-104 -109
-102 -106
-109 -91
-103 -90
-99 -98
-94 -95
-91 -100
-91 -100
-99 -99
-99 -97
-99 -99
-102 -98
-97 -98
-96 -98
-104 -104
-103 -107
-103 -103
-105 -101
-96 -88
-97 -88
-96 -93
-98 -98
-103 -114
-99 -117
-103 -110
-97 -102
-93 -93
-98 -88
-96 -96
-97 -102
-103 -102
-103 -103
-102 -99
-107 -93
-100 -90
-97 -94
-100 -98
-93 -105
-98 -115
-98 -110
-95 -105
-102 -96
-99 -87
-100 -94
-104 -100
-99 -104
-99 -103
-101 -102
-95 -95
-98 -88
-104 -95
-100 -101
-108 -107
-107 -116
-98 -111
-104 -106
-94 -92
-102 -93
-102 -97
-103 -91
-102 -100
-94 -100
-95 -90
-89 -89
-99 -88
-104 -81
-101 -94
-104 -111
-100 -116
-93 -120
-100 -113
-100 -113
-100 -103
-100 -99
-106 -93
-97 -96
-97 -101
-99 -100
-92 -99
-102 -103
-104 -101
-100 -97
-105 -103
-101 -99
-95 -89
-101 -92
-95 -97
-99 -103
-101 -112
-95 -111
-103 -106
-100 -95
-100 -90
-102 -95
-95 -98
-96 -103
-99 -105
-97 -102
-101 -93
-104 -95
-98 -100
-106 -101
-102 -104
-99 -104
-105 -102
-94 -97
-98 -103
-92 -98
-91 -93
-101 -99
-106 -93
-108 -90
-106 -96
-98 -98
-92 -103
-95 -114
-92 -103
-99 -100
-102 -98
-99 -85
-103 -91
-103 -91
-99 -92
-105 -105
-103 -111
-98 -114
-97 -109
-90 -102
-95 -97
-100 -91
-101 -90
-104 -96
-102 -102
-99 -107
-99 -106
-103 -103
-103 -103
-97 -98
-99 -88
-98 -91
-95 -96
-103 -102
-99 -113
-102 -110
-105 -105
-99 -96
-100 -89
-98 -96
-95 -101
-99 -101
-97 -100
-98 -99
-104 -96
-99 -91
-103 -97
-107 -102
-95 -107
-101 -116
-97 -109
-95 -104
-104 -91
-103 -90
-105 -99
-105 -99
-100 -102
-97 -97
-92 -98
-93 -94
-100 -94
-98 -97
-104 -96
-104 -104
-96 -113
-101 -113
-102 -108
-97 -100
-104 -88
-97 -89
-94 -97
-100 -102
-99 -105
-104 -105
-109 -100
-99 -90
-102 -93
-98 -97
-92 -102
-99 -112
-93 -109
-97 -104
-103 -97
-100 -89
-100 -96
-103 -101
-99 -102
-100 -102
-103 -101
-95 -95
-96 -92
-99 -98
-99 -98
-99 -102
-103 -103
-103 -102
-95 -100
-97 -99
-103 -92
-98 -96
-104 -100
-102 -102
-93 -109
-99 -105
-103 -103
-100 -87
-106 -84
-105 -89
-97 -88
-102 -101
-93 -104
-95 -106
-103 -111
-99 -113
-105 -108
-99 -103
-94 -97
-100 -88
-102 -94
-107 -98
-101 -102
-97 -106
-97 -100
-91 -100
-98 -96
-105 -95
-99 -99
-106 -103
-104 -104
-95 -101
-98 -101
-92 -96
-95 -88
-104 -94
-100 -95
-104 -101
-101 -113
-95 -114
-101 -106
-96 -100
-97 -91
-102 -87
-96 -96
-100 -102
-103 -109
-101 -110
-104 -106
-105 -100
-99 -91
-98 -96
-94 -101
-92 -101
-96 -105
-99 -102
-101 -90
-104 -87
-106 -92
-106 -92
-102 -96
-103 -110
-96 -120
-91 -112
-98 -108
-101 -98
-106 -88
-109 -96
-102 -96
-96 -97
-97 -100
-92 -99
-100 -90
-101 -90
-92 -92
-99 -90
-102 -101
-102 -108
-110 -112
-107 -115
-97 -109
-99 -104
-93 -95
-91 -86
-99 -91
-101 -97
-104 -105
-107 -108
-100 -105
-96 -102
-99 -89
-93 -90
-98 -97
-103 -101
-98 -111
-102 -107
-102 -102
-92 -97
-101 -90
-102 -97
-99 -102
-108 -104
-100 -103
-95 -105
-99 -98
-93 -93
-97 -99
-103 -98
-98 -95
-102 -97
-104 -97
-95 -97
-100 -96
-98 -91
-91 -91
-100 -90
-104 -98
-102 -104
-106 -104
-102 -108
-93 -111
-101 -114
-101 -107
-101 -107
-97 -101
-105 -89
-95 -85
-95 -95
-102 -102
-95 -116
-100 -114
-104 -108
-98 -91
-99 -83
-101 -88
-92 -96
-97 -111
-104 -114
-101 -105
-104 -100
-105 -92
-93 -88
-97 -93
-101 -98
-98 -105
-104 -113
-100 -109
-95 -103
-100 -89
-100 -84
-97 -93
-103 -102
-99 -116
-97 -116
-102 -111
-96 -98
-98 -87
-104 -91
-104 -95
-104 -95
-110 -99
-100 -100
-100 -102
-97 -108
-92 -106
-97 -107
-95 -102
-103 -95
-104 -95
-102 -83
-103 -82
-96 -88
-95 -90
-100 -93
-96 -101
-103 -109
-106 -116
-97 -124
-104 -115
-100 -107
-96 -100
-106 -91
-98 -96
-100 -85
-97 -87
-94 -92
-102 -93
-98 -105
-98 -105
-104 -110
-103 -114
-94 -112
-96 -105
-94 -102
-90 -90
-100 -90
-104 -98
-105 -100
-105 -103
-104 -102
-97 -99
-95 -90
-105 -94
-97 -100
-100 -105
-102 -112
-92 -109
-101 -103
-101 -90
-99 -92
-103 -99
-98 -100
-97 -103
-100 -102
-96 -98
-98 -90
-103 -98
-99 -102
-104 -104
-103 -103
-96 -100
-102 -93
-96 -85
-100 -94
-103 -94
-97 -99
-103 -114
-96 -116
-96 -111
-102 -107
-98 -96
-105 -90
-102 -96
-99 -96
-100 -95
-95 -100
-100 -99
-98 -97
-100 -100
-100 -103
-93 -104
-97 -99
-95 -102
-95 -97
-100 -88
-103 -95
-106 -96
-109 -103
-104 -110
-96 -105
-96 -102
-90 -94
-90 -94
-96 -91
-103 -97
-98 -104
-101 -109
-100 -106
-100 -103
-98 -95
-105 -88
-104 -94
-101 -102
-107 -107
-100 -108
-96 -106
-100 -96
-97 -85
-102 -84
-103 -86
-95 -86
-99 -88
-96 -100
-98 -109
-102 -118
-96 -126
-100 -120
-103 -105
-100 -99
-105 -98
-102 -90
-94 -95
-100 -100
-98 -98
-99 -98
-103 -97
-97 -99
-101 -103
-103 -106
-97 -106
-104 -101
-96 -90
-98 -91
-103 -99
-93 -103
-99 -108
-99 -106
-96 -100
-104 -88
-101 -88
-93 -94
-99 -99
-100 -112
-102 -115
-108 -107
-105 -101
-99 -86
-97 -83
-91 -89
-94 -93
-99 -108
-95 -116
-103 -118
-105 -112
-100 -103
-105 -92
-103 -90
-103 -90
-93 -95
-98 -90
-97 -96
-94 -98
-101 -100
-102 -98
-99 -93
-105 -94
-100 -92
-99 -105
-105 -115
-98 -115
-100 -107
-97 -102
-92 -88
-99 -84
-99 -94
-102 -99
-103 -112
-97 -111
-97 -104
-102 -98
-101 -86
-105 -90
-105 -98
-98 -105
-101 -114
-96 -108
-95 -102
-98 -86
-95 -81
-101 -87
-98 -86
-92 -95
-99 -95
-100 -99
-104 -109
-107 -115
-106 -110
-97 -100
-96 -89
-97 -84
-93 -91
-104 -94
-107 -100
-100 -111
-106 -118
-98 -122
-92 -113
-101 -103
-97 -102
-97 -95
-104 -101
-103 -97
-101 -88
-106 -91
-97 -95
-98 -107
-102 -116
-97 -113
-103 -108
-99 -89
-97 -83
-97 -83
-106 -90
-100 -98
-103 -114
-97 -118
-95 -110
-96 -100
-92 -88
-101 -90
-104 -100
-101 -101
-106 -103
-103 -101
-96 -93
-104 -87
-99 -92
-98 -96
-97 -106
-93 -116
-100 -110
-99 -104
-98 -95
-99 -88
-96 -94
-96 -99
-100 -100
-105 -100
-101 -98
-102 -97
-102 -90
-93 -92
-98 -92
-100 -91
-95 -101
-101 -106
-101 -110
-97 -113
-101 -108
-101 -102
-97 -94
-102 -82
-103 -83
-98 -86
-102 -84
-99 -97
-97 -112
-102 -119
-95 -130
-97 -123
-101 -108
-100 -103
-108 -87
-110 -90
-100 -95
-102 -93
-95 -99
-93 -99
-98 -101
-95 -104
-101 -102
-101 -101
-97 -97
-101 -90
-96 -93
-95 -97
-95 -97
-102 -101
-100 -110
-99 -109
-102 -104
-99 -98
-93 -91
-101 -96
-106 -97
-100 -96
-106 -98
-100 -98
-95 -100
-101 -93
-96 -91
-95 -88
-101 -83
-103 -100
-102 -112
-110 -118
-102 -113
-99 -103
-102 -99
-92 -99
-97 -111
-97 -105
-99 -103
-106 -93
-101 -86
-102 -91
-102 -95
-95 -107
-98 -115
-100 -118
-96 -111
-105 -102
-101 -93
-102 -92
-103 -94
-98 -91
-101 -98
-96 -100
-99 -94
-101 -96
-98 -96
-105 -99
-99 -112
-97 -113
-102 -106
-96 -100
-102 -87
-100 -90
-97 -100
-98 -104
-91 -109
-98 -108
-99 -99
-99 -91
-102 -98
-99 -99
-98 -97
-96 -101
-103 -97
-103 -88
-103 -88
-100 -92
-103 -94
-97 -99
-94 -113
-100 -116
-100 -108
-100 -102
-103 -84
-97 -80
-96 -85
-101 -87
-97 -97
-101 -98
-106 -88
-99 -97
-103 -106
-97 -116
-92 -131
-98 -123
-101 -111
-103 -106
-105 -95
-99 -91
-100 -93
-103 -86
-98 -92
-103 -100
-94 -107
-94 -111
-102 -107
-96 -102
-101 -89
-105 -91
-99 -98
-105 -99
-97 -101
-92 -100
-97 -98
-96 -92
-101 -94
-104 -97
-100 -102
-95 -109
-100 -109
-97 -103
-93 -97
-100 -87
-101 -89
-101 -98
-103 -103
-104 -114
-100 -111
-99 -103
-104 -103
-97 -94
-101 -100
-104 -101
-97 -91
-101 -96
-98 -96
-93 -98
-99 -98
-103 -99
-100 -100
-100 -100
-105 -105
-105 -103
-99 -101
-103 -99
-97 -93
-96 -97
-101 -99
-96 -100
-101 -105
-103 -104
-96 -102
-102 -98
-98 -89
-96 -91
-102 -95
-98 -100
-101 -111
-104 -114
-95 -106
-98 -102
-101 -94
-96 -91
-105 -100
-104 -100
-95 -100
-102 -100
-101 -98
-97 -96
-101 -96
-96 -100
-94 -104
-101 -103
-101 -101
-99 -100
-101 -96
-97 -92
-96 -99
-102 -101
-100 -103
-101 -108
-103 -106
-96 -101
-98 -94
-101 -96
-98 -95
-102 -91
-103 -94
-98 -94
-103 -100
-99 -108
-97 -108
-103 -99
-93 -97
-99 -101
-101 -102
-96 -106
-103 -103
-103 -96
-97 -92
-102 -97
-100 -102
-97 -101
-102 -102
-102 -102
-96 -100
-101 -94
-103 -91
-97 -94
-102 -97
-98 -105
-98 -113
-104 -109
-95 -105
-99 -94
-100 -86
-94 -94
-102 -98
-94 -108
-89 -106
-91 -101
-96 -98
-104 -85
-114 -87
-112 -87
-105 -83
-98 -100
-90 -111
-97 -119
-98 -121
-95 -108
-98 -105
-96 -103
-103 -98
-111 -102
-108 -95
-105 -87
-98 -93
-94 -100
-100 -108
-97 -114
-95 -106
-100 -100
-101 -81
-101 -78
-105 -84
-99 -86
-95 -109
-99 -118
-96 -123
-97 -113
-103 -103
-103 -98
-102 -95
-104 -97
-98 -98
-98 -98
-103 -96
-95 -97
-100 -101
-105 -103
-98 -105
-107 -103
-99 -100
-95 -91
-99 -89
-94 -95
-101 -100
-100 -108
-100 -108
-97 -111
-101 -104
-100 -99
-95 -86
-101 -83
-103 -87
-97 -87
-102 -95
-101 -102
-95 -96
-101 -100
-100 -107
-93 -112
-99 -117
-100 -112
-95 -108
-102 -97
-103 -93
-100 -97
-102 -95
-104 -89
-99 -94
-96 -92
-102 -96
-97 -104
-98 -111
-103 -115
-99 -108
-101 -107
-103 -99
-97 -89
-99 -95
-103 -98
-97 -98
-102 -100
-102 -101
-94 -99
-101 -97
-99 -100
-98 -101
-104 -101
-101 -100
-100 -101
-103 -98
-98 -90
-103 -94
-96 -96
-96 -101
-98 -112
-92 -112
-101 -106
-99 -98
-96 -89
-98 -92
-99 -98
-105 -99
-103 -99
-109 -94
-104 -94
-94 -99
-99 -108
-97 -101
-99 -98
-99 -98
-101 -96
-100 -98
-99 -114
-103 -113
-98 -104
-100 -99
-102 -84
-96 -83
-102 -93
-100 -94
-95 -107
-100 -110
-101 -110
-96 -112
-101 -104
-102 -103
-95 -89
-102 -86
-103 -96
-98 -102
-103 -112
-101 -109
-93 -105
-96 -95
-101 -93
-102 -99
-106 -101
-105 -101
-96 -101
-97 -98
-100 -87
-95 -89
-104 -91
-105 -91
-99 -101
-103 -105
-95 -108
-93 -113
-99 -112
-95 -105
-98 -101
-103 -85
-102 -84
-103 -92
-102 -97
-95 -113
-91 -119
-100 -110
-106 -104
-102 -97
-104 -88
-102 -95
-93 -100
-98 -102
-101 -102
-94 -100
-101 -92
-105 -86
-98 -93
-103 -96
-101 -105
-94 -112
-100 -112
-99 -105
-99 -105
-96 -98
-104 -88
-103 -85
-99 -90
-103 -92
-94 -102
-96 -108
-100 -113
-97 -115
-102 -107
-104 -103
-99 -86
-103 -80
-105 -87
-99 -89
-102 -99
-95 -102
-96 -101
-99 -100
-96 -101
-105 -103
-100 -108
-97 -113
-100 -109
-91 -105
-96 -99
-99 -89
-102 -93
-103 -100
-103 -103
-98 -104
-95 -102
-104 -97
-100 -92
-100 -94
-102 -98
-95 -103
-92 -110
-96 -115
-99 -109
-106 -101
-106 -89
-108 -88
-104 -96
-96 -100
-101 -106
-95 -103
-93 -97
-99 -97
-98 -93
-99 -95
-103 -101
-98 -104
-95 -114
-102 -110
-102 -106
-101 -96
-106 -88
-102 -97
-96 -99
-102 -99
-97 -102
-97 -101
-97 -101
-103 -92
-98 -94
-102 -101
-100 -106
-95 -111
-100 -108
-96 -104
-96 -89
-100 -91
-101 -100
-102 -100
-105 -102
-106 -103
-95 -100
-100 -91
-97 -94
-92 -99
-100 -102
-100 -107
-100 -107
-105 -102
-101 -92
-96 -98
-101 -102
-98 -98
-98 -101
-103 -99
-98 -86
-97 -87
-103 -88
-94 -87
-98 -99
-103 -101
-99 -101
-102 -99
-104 -96
-94 -96
-95 -95
-104 -96
-103 -93
-108 -99
-106 -105
-100 -110
-99 -114
-93 -107
-96 -105
-94 -104
-92 -102
-104 -103
-104 -101
-104 -91
-109 -92
-97 -98
-96 -102
-99 -110
-93 -107
-99 -102
-98 -95
-95 -89
-100 -96
-102 -101
-96 -105
-103 -107
-100 -102
-100 -102
-96 -97
-103 -92
-101 -92
-96 -96
-101 -101
-102 -108
-96 -111
-104 -104
-101 -99
-94 -94
-101 -88
-101 -92
-96 -94
-102 -99
-101 -109
-96 -114
-101 -111
-102 -105
-96 -100
-100 -90
-103 -87
-99 -93
-101 -98
-102 -110
-93 -116
-98 -107
-102 -102
-99 -93
-102 -88
-103 -96
-98 -101
-97 -112
-102 -108
-95 -106
-97 -91
-101 -82
-99 -90
-102 -95
-107 -113
-102 -118
-103 -112
-103 -105
-96 -96
-99 -89
-94 -94
-96 -101
-98 -98
-93 -100
-100 -100
-100 -93
-102 -92
-106 -95
-104 -99
-95 -107
-96 -111
-99 -107
-97 -100
-106 -83
-106 -80
-97 -82
-100 -77
-98 -100
-92 -112
-92 -112
-102 -117
-102 -126
-102 -119
-107 -101
-99 -95
-97 -94
-99 -95
-94 -101
-100 -101
-100 -99
-95 -96
-102 -93
-101 -96
-98 -100
-104 -105
-101 -110
-96 -107
-101 -100
-99 -90
-97 -88
-103 -97
-100 -104
-99 -113
-102 -110
-98 -104
-100 -88
-101 -86
-95 -96
-99 -102
-96 -111
-93 -107
-101 -102
-104 -88
-101 -87
-105 -94
-102 -101
-92 -113
-99 -109
-98 -105
-95 -98
-103 -87
-102 -94
-100 -99
-105 -104
-102 -107
-96 -104
-100 -99
-98 -86
-95 -86
-102 -88
-100 -90
-100 -97
-105 -95
-100 -97
-99 -102
-98 -113
-90 -122
-92 -116
-100 -111
-106 -103
-110 -92
-109 -97
-102 -95
-94 -90
-94 -90
-98 -96
-97 -101
-97 -107
-104 -110
-100 -107
-102 -101
-105 -88
-99 -91
-101 -100
-95 -105
-95 -109
-97 -107
-94 -99
-101 -91
-102 -97
-100 -100
-105 -96
-100 -100
-96 -99
-101 -91
-98 -94
-98 -97
-102 -102
-100 -113
-100 -110
-105 -106
-96 -95
-97 -87
-100 -96
-91 -101
-101 -103
-102 -103
-98 -99
-104 -92
-105 -89
-96 -95
-100 -100
-99 -108
-94 -115
-103 -108
-102 -100
-100 -87
-102 -82
-94 -91
-97 -100
-102 -113
-97 -115
-106 -106
-101 -100
-98 -85
-102 -82
-95 -88
-98 -89
-99 -98
-95 -104
-102 -103
-102 -104
-104 -105
-108 -109
-102 -110
-101 -104
-93 -102
-91 -88
-91 -88
-98 -86
-95 -94
-103 -101
-104 -115
-98 -114
-104 -109
-100 -101
-100 -91
-101 -95
-95 -96
-100 -93
-97 -99
-100 -100
-101 -91
-93 -93
-100 -91
-99 -91
-98 -102
-102 -109
-103 -113
-99 -113
-104 -106
-102 -102
-97 -97
-104 -90
-97 -97
-100 -100
-101 -100
-92 -101
-101 -100
-100 -96
-97 -94
-106 -97
-103 -100
-98 -106
-103 -108
-93 -106
-96 -103
-105 -91
-99 -92
-106 -100
-101 -106
-95 -109
-101 -113
-95 -96
-99 -88
-100 -96
-95 -97
-104 -105
-101 -106
-96 -103
-100 -92
-98 -96
-97 -101
-102 -98
-103 -100
-97 -100
-103 -98
-98 -92
-95 -97
-102 -100
-94 -105
-97 -110
-103 -106
-103 -106
-100 -101
-105 -87
-108 -89
-99 -96
-98 -102
-96 -110
-92 -102
-99 -99
-98 -93
-101 -89
-104 -94
-100 -94
-101 -101
-104 -112
-95 -113
-98 -105
-98 -100
-93 -93
-104 -89
-104 -96
-102 -101
-105 -105
-98 -107
-96 -107
-99 -100
-95 -92
-102 -96
-99 -101
-97 -97
-102 -105
-102 -103
-103 -90
-105 -97
-97 -98
-97 -100
-94 -103
-95 -102
-102 -97
-96 -89
-104 -92
-106 -93
-99 -96
-101 -109
-94 -116
-91 -112
-99 -105
-101 -99
-95 -88
-99 -92
-98 -99
-99 -99
-103 -100
-100 -98
-103 -96
-98 -97
-106 -94
-105 -93
-99 -90
-101 -91
-98 -100
-100 -97
-104 -98
-99 -95
-99 -95
-102 -91
-100 -98
-94 -106
-100 -115
-92 -120
-93 -114
-101 -105
-104 -101
-106 -96
-106 -97
-102 -100
-94 -99
-100 -96
-98 -100
-93 -105
-100 -102
-101 -105
-103 -103
-108 -96
-105 -91
-100 -96
-99 -102
-94 -105
-95 -106
-94 -103
-93 -98
-105 -90
-103 -96
-104 -101
-103 -105
-94 -106
-95 -102
-101 -98
-100 -89
-103 -95
-102 -100
-90 -104
-97 -109
-99 -105
-101 -100
-108 -88
-104 -89
-99 -94
-97 -100
-96 -112
-94 -109
-102 -103
-100 -98
-100 -91
-104 -90
-94 -95
-98 -98
-102 -110
-96 -116
-103 -109
-103 -104
-97 -91
-102 -88
-103 -95
-96 -103
-104 -107
-97 -106
-97 -106
-104 -90
-104 -90
-98 -91
-105 -97
-101 -101
-99 -107
-102 -105
-95 -103
-100 -92
-97 -95
-97 -100
-103 -100
-95 -102
-100 -103
-106 -97
-101 -93
-107 -101
-98 -103
-95 -102
-91 -104
-92 -101
-106 -91
-103 -98
-107 -103
-104 -100
-93 -104
-93 -101
-95 -89
-95 -92
-100 -100
-108 -104
-102 -109
-106 -106
-102 -101
-94 -90
-100 -91
-92 -100
-95 -103
-103 -109
-104 -106
-110 -103
-109 -93
-99 -96
-97 -103
-91 -96
-93 -105
-101 -102
-98 -94
-105 -102
-100 -104
-95 -100
-102 -105
-96 -97
-99 -92
-101 -104
-97 -100
-103 -104
-104 -102
-99 -92
-102 -97
-99 -97
-97 -96
-100 -100
-94 -104
-105 -98
-105 -98
-105 -101
-108 -103
-105 -95
-95 -100
-95 -102
-93 -92
-99 -93
-99 -101
-101 -104
-94 -110
-96 -109
-101 -102
-97 -91
-106 -95
-105 -97
-100 -95
-103 -100
-96 -99
-95 -92
-99 -96
-96 -99
-102 -105
-99 -110
-98 -106
-104 -100
-98 -85
-102 -84
-98 -91
-95 -97
-98 -111
-94 -120
-96 -114
-102 -107
-101 -98
-101 -87
-103 -92
-98 -98
-96 -101
-100 -102
-97 -105
-96 -95
-102 -94
-99 -101
-97 -96
-102 -98
-100 -100
-96 -100
-101 -91
-101 -94
-102 -95
-108 -97
-104 -111
-100 -113
-98 -106
-90 -102
-94 -97
-97 -93
-96 -101
-104 -98
-105 -94
-102 -99
-104 -96
-102 -93
-95 -95
-95 -95
-100 -98
-99 -105
-95 -114
-99 -109
-97 -104
-96 -97
-105 -86
-106 -94
-102 -99
-105 -105
-100 -109
-95 -104
-101 -100
-97 -92
-99 -91
-102 -96
-95 -105
-100 -108
-103 -107
-99 -106
-104 -98
-103 -92
-96 -100
-100 -104
-96 -97
-98 -105
-104 -99
-96 -92
-99 -101
-101 -100
-96 -96
-102 -100
-103 -100
-96 -90
-97 -97
-105 -99
-101 -103
-104 -110
-106 -106
-97 -103
-97 -97
-95 -96
-95 -102
-102 -98
-103 -97
-103 -97
-102 -88
-90 -90
-94 -93
-102 -99
-99 -113
-108 -117
-105 -109
-94 -104
-99 -87
-98 -83
-94 -93
-102 -99
-101 -113
-98 -113
-104 -104
-98 -96
-96 -83
-96 -83
-103 -83
-98 -89
-101 -94
-108 -104
-100 -111
-103 -115
-97 -114
-95 -108
-98 -103
-93 -91
-101 -94
-100 -99
-98 -100
-103 -105
-99 -100
-96 -92
-101 -95
-98 -100
-97 -98
-104 -101
-99 -100
-99 -96
-105 -96
-97 -98
-100 -100
-102 -100
-95 -100
-99 -102
-96 -100
-92 -94
-98 -99
-105 -101
-104 -98
-110 -99
-105 -98
-92 -100
-97 -100
-93 -105
-94 -106
-104 -102
-104 -96
-102 -101
-101 -101
-100 -93
-94 -100
-101 -101
-103 -99
-100 -98
-106 -98
-102 -96
-99 -96
-102 -98
-93 -97
-96 -100
-101 -105
-95 -110
-105 -105
-105 -103
-98 -97
-102 -94
-99 -102
-98 -99
-103 -99
-98 -101
-98 -101
-99 -99
-101 -92
-94 -95
-100 -100
-99 -103
-92 -110
-102 -105
-103 -102
-104 -88
-109 -87
-102 -94
-99 -98
-98 -111
-96 -113
-98 -107
-95 -100
-95 -87
-101 -84
-98 -88
-105 -91
-104 -105
-97 -113
-105 -117
-95 -114
-97 -107
-103 -100
-96 -91
-102 -94
-99 -94
-96 -93
-102 -100
-99 -100
-102 -97
-103 -98
-96 -98
-100 -100
-95 -105
-95 -103
-104 -97
-96 -94
-98 -88
-100 -91
-94 -91
-102 -96
-107 -103
-102 -110
-103 -119
-100 -115
-94 -112
-99 -105
-95 -90
-96 -91
-101 -97
-96 -93
-100 -99
-102 -99
-98 -94
-96 -98
-103 -101
-101 -104
-99 -105
-105 -102
-96 -101
-96 -101
-99 -93
-104 -91
-95 -98
-98 -103
-101 -107
-96 -102
-101 -99
-101 -95
-91 -86
-98 -92
-104 -95
-103 -95
-108 -107
-107 -110
-97 -113
-100 -109
-97 -103
-94 -102
-103 -89
-99 -93
-104 -98
-106 -102
-100 -106
-102 -103
-94 -101
-96 -85
-98 -86
-93 -86
-100 -85
-101 -98
-96 -110
-103 -117
-105 -119
-99 -114
-104 -106
-98 -103
-92 -94
-94 -98
-95 -91
-93 -92
-92 -101
-98 -104
-102 -107
-108 -105
-111 -101
-109 -91
-105 -96
-96 -101
-97 -99
-95 -103
-91 -102
-102 -95
-106 -93
-101 -100
-107 -103
-104 -102
-97 -103
-102 -100
-95 -94
-97 -95
-97 -103
-96 -103
-101 -100
-98 -102
-98 -102
-99 -98
-103 -87
-101 -93
-106 -98
-107 -106
-99 -117
-101 -109
-92 -104
-96 -92
-98 -85
-96 -94
-103 -99
-97 -107
-98 -107
-102 -105
-97 -100
-101 -94
-104 -98
-98 -101
-103 -98
-99 -96
-94 -102
-100 -96
-94 -96
-93 -102
-101 -103
-103 -103
-101 -103
-103 -101
-101 -85
-93 -88
-99 -94
-102 -99
-94 -114
-99 -115
-102 -107
-98 -102
-101 -88
-107 -84
-101 -95
-103 -100
-105 -110
-97 -109
-98 -103
-94 -97
-94 -89
-99 -94
-97 -99
-104 -105
-107 -108
-99 -106
-102 -101
-100 -89
-94 -90
-105 -96
-101 -101
-101 -112
-104 -109
-95 -104
-100 -99
-102 -88
-103 -93
-102 -100
-102 -100
-100 -102
-99 -105
-95 -103
-99 -100
-96 -91
-98 -92
-105 -98
-98 -100
-100 -113
-97 -109
-91 -104
-99 -97
-103 -91
-100 -99
-104 -102
-103 -99
-95 -97
-99 -96
-98 -92
-93 -94
-100 -98
-103 -104
-99 -110
-105 -111
-105 -107
-98 -97
-101 -89
-98 -94
-93 -97
-101 -97
-102 -99
-102 -99
-109 -101
-100 -94
-101 -94
-100 -96
-96 -97
-99 -110
-97 -113
-101 -104
-94 -100
-100 -95
-103 -88
-98 -94
-106 -102
-101 -107
-98 -113
-102 -108
-94 -100
-97 -89
-99 -91
-96 -100
-107 -102
-102 -109
-102 -107
-103 -102
-98 -97
-98 -97
-93 -98
-94 -96
-100 -99
-98 -92
-105 -96
-102 -104
-102 -104
-96 -104
-100 -106
-96 -102
-97 -89
-102 -88
-98 -99
-99 -104
-103 -112
-98 -108
-101 -102
-104 -89
-95 -89
-99 -100
-103 -103
-96 -103
-107 -103
-102 -99
-100 -91
-103 -99
-101 -105
-103 -104
-100 -104
-99 -103
-95 -93
-99 -88
-97 -99
-100 -104
-103 -109
-99 -108
-103 -103
-98 -89
-100 -88
-97 -98
-97 -103
-100 -109
-95 -109
-102 -102
-100 -92
-100 -96
-103 -102
-96 -97
-98 -106
-101 -102
-96 -92
-104 -102
-103 -96
-99 -93
-106 -96
-99 -100
-99 -101
-95 -103
-94 -107
-97 -100
-94 -95
-100 -101
-100 -98
-97 -94
-100 -102
-102 -102
-100 -97
-105 -101
-108 -99
-99 -90
-99 -90
-103 -94
-97 -96
-94 -102
-102 -114
-97 -114
-108 -111
-101 -101
-103 -94
-99 -98
-95 -93
-100 -96
-96 -95
-103 -90
-100 -98
-104 -103
-97 -106
-98 -104
-96 -100
-93 -93
-101 -87
-98 -92
-102 -98
-104 -107
-98 -114
-100 -110
-101 -103
-95 -98
-100 -91
-98 -102
-97 -104
-103 -95
-97 -102
-101 -91
-102 -86
-95 -92
-101 -98
-97 -106
-93 -119
-101 -115
-100 -107
-97 -92
-102 -81
-99 -90
-94 -98
-101 -112
-102 -111
-100 -107
-105 -98
-106 -89
-98 -97
-102 -97
-97 -93
-97 -98
-101 -99
-96 -99
-105 -100
-98 -101
-100 -102
-103 -100
-94 -102
-101 -101
-99 -95
-95 -92
-103 -95
-103 -95
-100 -101
-99 -102
-105 -105
-99 -102
-98 -96
-100 -98
-93 -92
-99 -94
-104 -98
-100 -100
-104 -112
-105 -111
-97 -104
-101 -99
-95 -88
-92 -89
-100 -94
-98 -101
-103 -111
-105 -112
-100 -105
-100 -102
-102 -90
-94 -94
-97 -102
-101 -98
-96 -101
-101 -98
-104 -96
-95 -97
-97 -100
-100 -103
-98 -104
-101 -101
-105 -102
-103 -100
-98 -88
-103 -89
-101 -91
-101 -94
-103 -107
-103 -114
-98 -116
-97 -107
-99 -104
-95 -93
-99 -88
-100 -96
-95 -101
-101 -105
-100 -106
-100 -103
-105 -88
-98 -87
-96 -93
-96 -99
-91 -113
-99 -115
-104 -107
-103 -100
-106 -85
-106 -85
-98 -92
-98 -92
-101 -97
-97 -115
-94 -119
-97 -110
-93 -105
-100 -95
-104 -90
-101 -97
-104 -99
-99 -96
-92 -102
-99 -98
-96 -92
-96 -100
-102 -99
-101 -99
-97 -101
-100 -100
-99 -97
-97 -90
-100 -93
-102 -95
-101 -101
-98 -113
-103 -114
-104 -107
-94 -102
-99 -89
-102 -92
-94 -100
-106 -100
-106 -101
-97 -101
-105 -97
-104 -91
-100 -99
-105 -101
-99 -106
-97 -109
-97 -104
-98 -98
-101 -85
-97 -87
-101 -92
-98 -98
-97 -112
-103 -117
-99 -112
-101 -105
-103 -96
-94 -87
-99 -95
-100 -99
-94 -97
-103 -101
-102 -96
-96 -96
-104 -94
-102 -95
-97 -95
-102 -99
-98 -111
-98 -114
-102 -109
-102 -109
-99 -101
-100 -94
-99 -89
-93 -94
-97 -101
-99 -107
-99 -107
-104 -104
-103 -99
-100 -88
-99 -93
-102 -101
-97 -107
-101 -109
-107 -108
-98 -99
-105 -89
-97 -97
-94 -98
-102 -96
-98 -100
-105 -99
-99 -89
-98 -94
-97 -94
-97 -94
-105 -108
-95 -113
-97 -112
-99 -104
-96 -98
-103 -85
-106 -83
-99 -87
-97 -87
-102 -96
-89 -96
-94 -97
-102 -98
-103 -103
-106 -112
-107 -108
-99 -103
-96 -95
-102 -92
-95 -99
-98 -112
-101 -118
-91 -111
-98 -106
-102 -94
-99 -86
-104 -91
-104 -98
-99 -106
-97 -111
-102 -107
-97 -101
-97 -89
-104 -88
-98 -96
-104 -103
-105 -114
-105 -114
-98 -109
-105 -109
-95 -93
-94 -89
-97 -99
-90 -97
-99 -103
-106 -102
-105 -100
-108 -89
-110 -91
-97 -87
-102 -86
-98 -92
-96 -95
-99 -106
-93 -111
-100 -118
-97 -111
-98 -104
-103 -99
-99 -97
-100 -97
-101 -96
-93 -97
-97 -99
-101 -95
-98 -95
-103 -91
-103 -90
-98 -98
-99 -103
-101 -104
-95 -108
-100 -113
-104 -112
-96 -106
-104 -100
-103 -93
-95 -85
-100 -93
-96 -98
-92 -107
-99 -116
-104 -110
-102 -105
-105 -95
-105 -87
-97 -97
-100 -104
-99 -105
-97 -107
-98 -101
-100 -88
-99 -87
-103 -95
-98 -101
-103 -113
-104 -112
-97 -109
-105 -100
-93 -89
-96 -95
-100 -93
-100 -93
-96 -91
-106 -93
-101 -93
-99 -99
-101 -107
-95 -111
-100 -101
-99 -96
-96 -95
-101 -98
-97 -106
-99 -101
-105 -100
-100 -99
-102 -91
-101 -95
-96 -96
-100 -103
-96 -113
-98 -111
-102 -106
-96 -96
-99 -87
-103 -89
-97 -97
-104 -103
-105 -109
-95 -105
-100 -102
-95 -97
-94 -91
-101 -98
-101 -99
-101 -101
-106 -102
-100 -102
-102 -100
-105 -95
-97 -98
-104 -98
-96 -98
-98 -102
-95 -99
-95 -100
-105 -100
-103 -93
-111 -97
-102 -94
-101 -96
-96 -110
-94 -114
-100 -112
-92 -105
-98 -98
-99 -89
-95 -93
-101 -97
-106 -96
-100 -94
-101 -89
-98 -89
-86 -93
-95 -100
-95 -100
-105 -104
-111 -102
-111 -104
-109 -107
-93 -110
-87 -106
-93 -102
-89 -101
-97 -95
-102 -94
-108 -95
-108 -96
-109 -101
-106 -97
-94 -93
-97 -89
-94 -84
-93 -96
-101 -106
-96 -113
-102 -117
-105 -111
-99 -106
-105 -102
-105 -101
-93 -100
-102 -100
-95 -93
-95 -90
-103 -96
-97 -102
-103 -110
-104 -110
-99 -105
-100 -99
-95 -87
-92 -88
-99 -96
-98 -103
-102 -113
-103 -111
-98 -104
-98 -97
-102 -87
-101 -91
-101 -95
-100 -100
-93 -112
-94 -107
-99 -105
-102 -101
-105 -89
-106 -94
-101 -99
-98 -101
-101 -104
-93 -103
-96 -99
-99 -91
-93 -93
-102 -95
-103 -101
-99 -109
-105 -109
-105 -109
-104 -103
-98 -96
-101 -91
-95 -90
-91 -97
-98 -102
-101 -108
-104 -111
-105 -105
-101 -99
-97 -90
-99 -90
-94 -98
-93 -102
-96 -106
-101 -103
-106 -101
-107 -88
-106 -85
-101 -87
-100 -81
-98 -98
-98 -110
-99 -119
-97 -128
-104 -117
-100 -105
-100 -99
-102 -93
-91 -90
-97 -95
-102 -93
-97 -92
-102 -94
-103 -91
-95 -92
-102 -94
-105 -96
-97 -96
-103 -92
-101 -97
-92 -106
-100 -117
-97 -124
-98 -112
-106 -103
-102 -99
-99 -98
-104 -99
-98 -100
-101 -97
-102 -90
-96 -94
-103 -97
-96 -102
-100 -113
-99 -114
-99 -110
-104 -103
-100 -93
-102 -97
-99 -95
-96 -93
-96 -93
-100 -99
-98 -94
-100 -92
-105 -97
-100 -102
-102 -109
-98 -110
-96 -107
-95 -100
-94 -88
-101 -95
-100 -100
-103 -99
-108 -103
-98 -101
-99 -95
-95 -92
-93 -98
-104 -99
-97 -100
-103 -102
-102 -99
-94 -101
-103 -95
-101 -97
-98 -100
-105 -100
-96 -106
-95 -104
-97 -102
-92 -97
-101 -96
-107 -102
-104 -99
-107 -95
-100 -97
-95 -97
-95 -95
-96 -98
-103 -100
-98 -103
-101 -107
-102 -104
-96 -102
-104 -96
-103 -94
-105 -102
-103 -103
-99 -99
-96 -102
-90 -97
-101 -92
-99 -99
-106 -104
-106 -104
-101 -105
-103 -104
-96 -91
-101 -93
-94 -97
-98 -104
-97 -111
-98 -109
-103 -104
-103 -104
-98 -90
-103 -93
-95 -98
-97 -99
-102 -102
-97 -103
-106 -97
-100 -94
-97 -99
-100 -102
-94 -103
-100 -105
-101 -102
-102 -87
-100 -83
-92 -85
-97 -84
-97 -96
-98 -107
-108 -112
-104 -116
-100 -109
-103 -102
-93 -100
-94 -100
-100 -99
-98 -99
-102 -98
-101 -94
-90 -96
-97 -99
-101 -102
-102 -108
-106 -107
-103 -105
-98 -98
-97 -89
-103 -96
-98 -100
-104 -103
-98 -104
-97 -103
-102 -101
-91 -95
-104 -102
-100 -99
-96 -94
-106 -99
-97 -98
-99 -97
-105 -95
-96 -96
-97 -96
-96 -105
-92 -109
-100 -103
-105 -101
-104 -95
-108 -89
-102 -92
-99 -91
-99 -91
-95 -99
-95 -99
-101 -103
-92 -103
-94 -107
-101 -111
-99 -112
-105 -106
-108 -101
-97 -97
-99 -90
-99 -98
-93 -102
-101 -98
-97 -100
-99 -98
-103 -97
-98 -91
-97 -92
-101 -93
-95 -92
-100 -102
-103 -108
-95 -112
-100 -114
-100 -108
-96 -103
-100 -96
-106 -87
-102 -91
-105 -97
-107 -103
-93 -114
-101 -114
-98 -105
-97 -100
-106 -89
-96 -93
-99 -100
-100 -102
-94 -102
-102 -100
-101 -100
-95 -88
-103 -92
-101 -93
-94 -91
-101 -106
-100 -113
-95 -116
-103 -111
-105 -105
-99 -96
-104 -87
-101 -94
-95 -99
-102 -102
-96 -102
-99 -99
-102 -98
-94 -88
-98 -89
-98 -88
-93 -86
-100 -94
-103 -99
-103 -99
-100 -107
-102 -112
-102 -115
-97 -106
-97 -101
-102 -100
-98 -101
-98 -103
-103 -101
-97 -98
-98 -87
-103 -88
-100 -91
-101 -89
-105 -99
-97 -105
-96 -102
-99 -104
-92 -106
-103 -108
-104 -112
-100 -108
-105 -104
-97 -97
-96 -88
-102 -90
-97 -99
-99 -105
-102 -109
-97 -106
-102 -100
-102 -91
-98 -88
-101 -93
-93 -97
-95 -106
-100 -115
-97 -112
-101 -104
-103 -98
-101 -85
-101 -88
-102 -96
-96 -102
-94 -115
-100 -112
-99 -106
-99 -99
-103 -89
-101 -93
-100 -99
-103 -99
-94 -100
-93 -100
-99 -98
-100 -98
-100 -99
-104 -100
-102 -102
-96 -101
-103 -103
-101 -101
-96 -96
-96 -96
-102 -91
-103 -96
-97 -101
-101 -108
-102 -112
-95 -105
-103 -98
-104 -88
-99 -92
-104 -98
-98 -104
-95 -106
-100 -98
-99 -98
-101 -94
-104 -93
-99 -95
-100 -93
-101 -93
-100 -104
-102 -114
-97 -119
-99 -113
-103 -106
-95 -94
-102 -86
-102 -93
-99 -100
-108 -103
-98 -102
-97 -102
-96 -96
-92 -92
-103 -97
-100 -100
-98 -104
-103 -105
-100 -104
-97 -100
-102 -89
-95 -92
-94 -96
-102 -101
-99 -114
-103 -111
-108 -106
-102 -98
-103 -89
-102 -95
-100 -102
-99 -102
-101 -104
-103 -101
-97 -89
-99 -90
-92 -97
-94 -104
-95 -109
-95 -106
-103 -101
-102 -93
-103 -88
-105 -93
-97 -99
-97 -99
-99 -106
-99 -116
-97 -110
-102 -105
-96 -93
-100 -90
-104 -99
-99 -95
-101 -100
-95 -100
-91 -96
-99 -93
-100 -97
-103 -100
-106 -106
-98 -108
-100 -107
-97 -100
-95 -90
-103 -93
-99 -99
-101 -99
-105 -101
-98 -102
-101 -99
-98 -95
-95 -100
-98 -103
-95 -102
-99 -103
-104 -101
-100 -85
-103 -82
-104 -90
-98 -89
-103 -100
-98 -99
-97 -92
-100 -98
-95 -106
-103 -119
-100 -124
-97 -116
-101 -109
-99 -99
-98 -92
-102 -98
-101 -83
-99 -82
-103 -88
-94 -85
-99 -103
-102 -112
-97 -113
-104 -108
-102 -100
-96 -99
-103 -101
-99 -110
-98 -106
-103 -102
-96 -96
-99 -89
-99 -89
-100 -96
-93 -101
-95 -105
-98 -105
-99 -103
-103 -98
-107 -89
-103 -94
-99 -99
-101 -105
-94 -110
-93 -105
-99 -101
-96 -91
-95 -92
-101 -99
-101 -102
-106 -101
-108 -99
-106 -98
-95 -95
-90 -94
-97 -98
-97 -100
-104 -106
-108 -110
-102 -105
-99 -100
-99 -85
-94 -84
-94 -88
-101 -90
-99 -97
-101 -99
-104 -98
-99 -95
-97 -97
-101 -91
-99 -97
-99 -108
-103 -115
-101 -124
-100 -116
-103 -109
-96 -100
-101 -92
-102 -96
-98 -94
-106 -91
-98 -97
-98 -101
-103 -107
-99 -110
-104 -106
-95 -102
-96 -89
-97 -89
-92 -98
-102 -101
-103 -109
-100 -107
-103 -102
-99 -94
-93 -92
-93 -92
-98 -99
-96 -104
-94 -105
-100 -104
-103 -100
-103 -85
-104 -85
-102 -88
-94 -90
-92 -98
-103 -102
-103 -100
-103 -99
-107 -97
-97 -95
-93 -95
-101 -89
-101 -98
-100 -107
-106 -116
-103 -123
-96 -116
-102 -106
-95 -99
-95 -100
-104 -92
-101 -96
-101 -99
-103 -99
-97 -101
-99 -100
-104 -102
-98 -104
-100 -106
-98 -106
-96 -98
-102 -90
-100 -95
-100 -101
-103 -105
-94 -105
-97 -103
-101 -93
-96 -87
-105 -91
-105 -95
-99 -105
-100 -115
-95 -116
-90 -107
-98 -99
-104 -86
-100 -85
-104 -95
-104 -102
-97 -114
-103 -111
-102 -106
-95 -100
-99 -91
-101 -98
-97 -99
-102 -93
-102 -93
-100 -97
-97 -97
-102 -96
-95 -99
-97 -102
-99 -102
-95 -102
-101 -102
-102 -100
-101 -99
-101 -94
-103 -99
-97 -102
-98 -102
-103 -102
-97 -101
-103 -98
-104 -90
-97 -97
-102 -101
-98 -104
-97 -109
-104 -105
-98 -101
-104 -88
-101 -90
-98 -99
-100 -103
-94 -107
-99 -103
-95 -99
-96 -93
-101 -91
-99 -95
-99 -100
-104 -107
-98 -112
-99 -107
-104 -101
-95 -86
-97 -84
-101 -88
-95 -91
-102 -103
-103 -108
-96 -116
-98 -117
-100 -112
-99 -108
-99 -91
-102 -86
-104 -92
-99 -98
-105 -104
-104 -103
-92 -102
-99 -99
-102 -96
-97 -99
-104 -103
-103 -101
-95 -103
-100 -102
-103 -94
-103 -94
-97 -90
-104 -96
-104 -102
-96 -108
-101 -109
-97 -111
-97 -102
-106 -95
-100 -99
-102 -91
-110 -93
-101 -97
-106 -97
-101 -99
-94 -101
-93 -104
-95 -103
-97 -101
-98 -100
-108 -92
-99 -89
-102 -95
-97 -100
-90 -108
-100 -111
-101 -105
-101 -100
-105 -86
-100 -86
-97 -90
-101 -92
-96 -108
-99 -115
-99 -118
-94 -110
-103 -103
-101 -93
-99 -89
-106 -98
-98 -98
-101 -99
-102 -102
-97 -100
-101 -92
-96 -97
-99 -103
-100 -103
-96 -106
-101 -104
-97 -96
-96 -89
-103 -97
-103 -103
-103 -104
-106 -106
-97 -103
-98 -91
-97 -94
-94 -101
-101 -101
-98 -103
-101 -104
-104 -90
-104 -90
-98 -88
-101 -95
-96 -99
-96 -113
-102 -113
-97 -107
-103 -100
-99 -89
-94 -94
-99 -99
-98 -95
-98 -99
-103 -99
-104 -95
-100 -95
-105 -98
-97 -100
-94 -106
-98 -112
-90 -111
-95 -104
-96 -95
-103 -95
-112 -89
-109 -90
-109 -97
-100 -101
-96 -108
-99 -106
-94 -106
-98 -100
-98 -92
-98 -99
-104 -98
-99 -93
-99 -98
-101 -99
-94 -102
-99 -104
-103 -101
-95 -98
-99 -96
-101 -100
-98 -105
-104 -105
-108 -102
-99 -98
-106 -98
-101 -89
-98 -86
-99 -93
-93 -94
-100 -105
-93 -114
-95 -115
-100 -109
-98 -105
-99 -96
-103 -88
-99 -95
-95 -98
-101 -99
-100 -101
-97 -99
-97 -99
-98 -98
-102 -88
-102 -90
-101 -90
-105 -88
-99 -98
-96 -95
-101 -88
-95 -97
-97 -108
-101 -118
-99 -128
-102 -120
-104 -109
-95 -104
-98 -95
-101 -90
-93 -94
-100 -86
-103 -87
-99 -92
-102 -90
-103 -98
-94 -101
-96 -100
-104 -102
-98 -104
-101 -110
-102 -113
-96 -110
-98 -105
-105 -98
-101 -86
-103 -89
-104 -98
-94 -103
-97 -111
-95 -105
-95 -100
-103 -94
-101 -89
-99 -96
-101 -101
-94 -108
-91 -109
-94 -105
-100 -98
-108 -87
-110 -91
-108 -98
-103 -104
-94 -111
-96 -104
-96 -101
-95 -93
-99 -90
-101 -96
-99 -100
-101 -108
-105 -109
-99 -104
-103 -100
-103 -90
-103 -90
-95 -93
-102 -98
-104 -104
-98 -108
-104 -103
-99 -101
-95 -96
-100 -91
-96 -93
-97 -95
-102 -99
-98 -109
-100 -113
-103 -106
-99 -102
-100 -94
-105 -90
-99 -96
-101 -101
-102 -105
-97 -103
-101 -104
-97 -97
-97 -91
-101 -98
-94 -102
-99 -104
-100 -103
-95 -102
-101 -96
-103 -87
-101 -93
-101 -97
-107 -102
-98 -114
-99 -109
-102 -101
-95 -98
-100 -87
-95 -89
-94 -94
-99 -103
-99 -113
-101 -114
-104 -107
-101 -99
-97 -87
-101 -87
-99 -95
-95 -100
-101 -115
-101 -110
-99 -106
-102 -98
-97 -87
-95 -97
-100 -101
-99 -106
-102 -107
-105 -103
-101 -93
-100 -93
-103 -100
-94 -97
-94 -97
-96 -102
-102 -100
-94 -89
-100 -89
-102 -90
-95 -94
-99 -108
-102 -115
-99 -114
-98 -105
-102 -99
-100 -86
-97 -84
-99 -92
-99 -99
-95 -113
-97 -115
-103 -107
-101 -100
-102 -90
-104 -87
-102 -95
-94 -100
-99 -109
-102 -107
-98 -102
-106 -98
-103 -86
-96 -87
-100 -89
-99 -88
-92 -97
-100 -100
-104 -96
-103 -93
-108 -96
-107 -107
-94 -118
-98 -129
-98 -117
-93 -109
-102 -102
-97 -89
-94 -97
-101 -95
-103 -89
-102 -94
-106 -97
-102 -105
-95 -114
-97 -113
-100 -106
-94 -97
-99 -91
-103 -96
-100 -96
-105 -97
-108 -101
-99 -98
-100 -94
-100 -96
-94 -100
-100 -105
-100 -105
-93 -110
-98 -107
-101 -102
-96 -90
-101 -92
-98 -101
-100 -102
-99 -104
-103 -102
-101 -97
-94 -88
-99 -91
-100 -95
-99 -101
-102 -113
-103 -111
-99 -103
-101 -98
-102 -83
-96 -82
-100 -85
-98 -81
-93 -98
-99 -113
-100 -122
-99 -130
-105 -120
-107 -106
-99 -103
-103 -90
-98 -95
-93 -96
-101 -88
-98 -97
-99 -97
-103 -104
-95 -105
-99 -107
-100 -103
-94 -92
-108 -98
-108 -96
-103 -92
-107 -97
-94 -98
-95 -97
-95 -98
-94 -99
-102 -101
-94 -104
-97 -101
-102 -101
-102 -95
-103 -82
-106 -86
-94 -84
-95 -87
-100 -104
-94 -114
-104 -120
-103 -111
-98 -101
-102 -97
-102 -99
-102 -99
-96 -106
-102 -101
-97 -99
-92 -98
-99 -85
-101 -88
-104 -83
-108 -87
-101 -110
-89 -124
-91 -135
-96 -129
-105 -113
-115 -103
-111 -92
-106 -87
-93 -94
-94 -85
-96 -87
-91 -90
-101 -88
-104 -98
-102 -101
-105 -106
-103 -109
-96 -113
-102 -112
-99 -104
-96 -102
-101 -90
-94 -92
-97 -99
-102 -96
-98 -99
-100 -101
-103 -99
-96 -95
-100 -96
-106 -96
-100 -100
-103 -104
-103 -104
-95 -101
-98 -97
-98 -92
-92 -94
-98 -98
-101 -103
-98 -111
-104 -108
-102 -103
-96 -93
-100 -86
-101 -92
-95 -96
-100 -106
-106 -112
-101 -105
-107 -99
-102 -95
-93 -90
-97 -94
-93 -97
-93 -97
-100 -100
-103 -112
-99 -113
-102 -109
-98 -101
-94 -89
-99 -93
-100 -98
-98 -97
-102 -100
-102 -106
-95 -100
-101 -101
-105 -104
-99 -96
-106 -94
-100 -99