198 202
200 198
204 191
195 192
180 195
164 190
164 177
177 162
181 161
201 177
207 192
194 211
194 214
191 192
192 182
196 184
195 179
188 191
188 209
188 190
195 192
206 203
200 184
194 195
193 207
192 190
186 201
202 209
206 190
206 190
196 193
208 202
204 188
193 204
196 211
198 194
189 200
204 203
209 191
196 197
205 206
204 190
190 200
193 209
197 191
189 197
210 205
208 191
199 204
207 212
196 192
195 194
201 201
197 187
194 202
205 211
200 195
195 204
207 208
201 190
195 193
203 201
200 189
194 208
204 212
204 197
195 204
205 203
207 192
197 195
197 202
198 191
192 205
197 211
210 195
197 201
196 204
204 189
192 194
206 202
211 192
195 209
200 212
202 196
191 198
201 199
209 190
193 198
201 206
207 193
192 207
202 209
208 194
208 194
193 198
203 201
208 191
197 201
198 208
200 194
194 203
195 208
207 193
201 197
196 204
206 190
198 201
195 211
204 193
198 201
195 208
206 191
199 196
196 205
205 191
198 204
196 211
206 194
198 200
196 205
205 191
198 198
195 207
204 191
197 201
196 209
206 193
199 201
197 207
207 191
197 198
197 207
206 192
197 205
197 211
207 193
198 198
197 204
206 192
197 203
197 211
207 193
198 197
197 203
205 190
197 204
196 210
205 194
198 202
195 205
204 192
197 198
196 205
208 191
200 202
198 210
205 194
196 202
196 202
195 208
204 190
199 194
196 202
206 191
200 209
195 213
204 196
199 198
195 200
206 190
200 196
195 206
205 193
199 208
195 212
205 194
199 194
195 198
205 188
199 202
195 209
205 196
199 208
195 208
205 194
199 192
194 197
203 187
199 205
194 210
205 198
202 208
194 205
205 193
202 191
190 196
201 190
198 207
194 212
211 198
204 205
196 203
203 193
197 193
193 199
204 189
200 206
195 212
206 197
202 203
195 204
205 191
201 194
190 202
201 190
198 206
194 213
212 196
204 201
197 204
203 190
196 194
196 194
194 204
203 191
200 206
194 212
205 195
202 199
194 203
204 192
201 198
194 208
205 192
203 204
194 211
204 193
202 199
190 204
202 191
196 201
197 210
215 193
200 202
200 208
203 191
187 197
199 205
206 189
194 200
208 208
211 193
193 204
194 210
196 192
187 195
207 201
208 190
201 206
211 213
200 195
195 198
198 202
198 189
194 196
205 205
208 193
194 209
195 212
199 194
187 195
203 198
210 188
197 202
207 209
204 196
193 207
196 208
199 192
189 191
204 198
211 188
196 206
200 212
200 198
187 206
198 205
198 205
205 191
195 191
211 197
209 188
194 208
196 212
197 199
190 207
205 203
210 193
196 192
203 197
203 190
197 207
198 212
201 196
197 202
190 204
202 191
198 193
195 201
212 190
203 209
197 212
201 197
196 202
193 203
205 191
202 193
195 201
205 189
206 207
199 213
197 197
198 203
197 204
194 188
200 188
201 196
195 187
196 210
203 212
197 203
196 210
209 202
202 195
197 192
205 195
198 191
194 208
203 212
198 197
196 204
209 203
201 193
197 195
205 201
198 190
194 206
203 211
199 195
194 201
207 204
207 191
202 191
194 197
204 205
201 191
191 204
202 210
199 194
193 199
210 205
204 190
196 198
203 208
199 192
190 204
201 211
197 192
196 194
214 201
200 189
196 206
201 213
188 195
203 199
210 202
196 190
206 196
206 206
199 192
195 205
195 212
194 192
193 194
209 200
208 189
193 203
199 211
200 195
190 203
204 206
206 192
193 196
207 203
205 190
196 204
199 212
199 193
193 197
198 203
208 190
198 202
197 210
205 195
197 203
196 208
206 191
199 194
194 202
204 189
202 206
195 211
202 196
204 202
196 204
199 191
199 191
202 193
196 201
190 189
199 206
196 214
195 195
212 195
205 198
196 188
202 202
199 211
194 196
201 205
203 207
194 190
198 190
204 197
197 185
195 206
203 210
201 203
195 214
206 205
206 198
194 194
202 196
204 193
191 205
199 211
205 194
192 200
206 204
211 191
194 199
197 207
198 191
187 203
202 210
208 193
198 198
209 205
206 191
194 202
194 209
196 191
188 198
206 204
209 192
198 204
209 211
202 194
195 197
200 204
201 189
196 198
199 208
202 193
194 207
196 211
208 194
200 195
197 200
205 189
205 189
197 203
195 210
204 194
197 203
194 206
206 192
199 196
196 204
206 190
199 203
196 211
206 194
198 200
195 205
204 190
198 197
194 207
204 192
199 205
195 211
207 193
200 196
195 202
204 190
198 203
195 211
206 193
201 200
194 205
204 190
200 197
195 206
206 192
206 204
197 212
198 192
199 193
194 198
194 184
204 200
204 209
194 196
197 208
200 210
187 190
202 187
210 192
195 184
201 208
202 212
189 206
200 214
207 204
195 195
208 185
210 190
199 189
192 210
192 212
183 205
197 212
205 203
208 196
211 189
211 189
201 193
212 192
202 211
195 211
195 198
196 204
188 202
204 192
203 191
198 197
214 190
204 210
198 213
198 200
197 205
192 202
203 192
205 190
191 196
203 190
203 211
193 213
207 201
206 206
195 202
199 192
201 188
195 193
197 188
204 210
196 212
195 203
207 210
200 203
195 193
205 186
200 190
194 185
201 207
202 211
194 204
202 213
207 204
192 195
198 186
203 190
194 185
198 205
205 210
197 203
196 214
207 205
199 195
197 189
205 193
199 189
193 205
200 212
198 197
194 205
210 205
204 192
195 193
195 193
204 200
201 188
194 205
201 211
203 196
193 206
203 206
209 193
196 193
198 199
201 188
194 204
195 211
206 196
199 205
196 206
206 192
199 194
195 200
204 189
199 204
194 211
206 196
202 204
195 206
205 192
204 194
194 201
197 189
201 207
190 211
206 197
210 205
196 203
207 194
205 197
193 202
195 192
198 206
188 212
206 195
209 196
197 200
207 188
201 201
194 209
201 195
202 208
192 208
200 193
204 192
190 197
201 188
209 206
194 211
202 200
207 210
196 204
200 194
204 190
199 194
196 187
196 206
198 211
198 211
192 199
201 209
211 204
199 195
199 192
202 196
195 186
194 200
202 207
202 197
194 212
202 207
206 197
191 196
198 198
204 190
189 198
203 208
210 194
195 206
203 211
205 193
196 194
197 200
201 188
196 203
194 211
205 196
202 205
194 206
205 192
202 194
191 201
201 190
199 206
193 212
209 196
204 202
195 204
204 193
200 197
192 205
202 190
201 202
193 210
207 194
206 200
194 206
199 190
202 196
194 206
198 191
205 204
197 212
196 192
205 195
202 201
194 185
196 199
197 208
187 194
202 207
209 209
209 209
197 192
209 192
208 198
199 189
196 208
196 212
193 199
195 208
211 203
203 195
197 194
205 199
198 190
196 205
204 212
203 195
196 202
200 205
203 191
194 195
199 204
206 191
196 207
197 213
205 194
198 197
196 201
205 191
200 202
194 210
203 193
202 200
194 207
202 190
205 196
190 205
197 192
203 206
192 212
209 194
212 195
195 200
197 190
198 203
189 211
201 194
209 201
196 206
207 191
210 196
201 204
197 190
191 205
192 214
189 192
205 192
211 197
195 186
201 206
202 212
193 199
200 208
207 205
197 192
197 192
197 190
203 195
199 185
194 205
198 211
201 200
190 210
203 205
210 195
195 193
203 197
205 190
197 206
196 212
200 196
198 202
191 204
203 191
203 195
192 204
207 191
206 205
194 212
200 193
202 197
194 202
198 189
204 198
195 209
195 193
205 204
200 210
195 190
205 191
205 199
201 187
198 205
191 211
192 198
187 208
203 204
200 194
201 196
210 199
198 192
210 207
203 212
195 196
201 200
202 203
193 189
199 194
204 204
189 192
200 209
207 214
194 195
209 195
211 198
195 190
194 204
195 211
184 195
184 195
202 201
206 204
203 191
215 196
203 205
197 192
198 208
197 213
194 195
205 196
207 199
198 189
197 201
198 209
195 194
193 205
206 208
203 192
194 194
205 201
204 189
196 204
199 212
200 194
192 200
198 204
208 191
198 197
197 206
204 192
196 205
195 212
206 193
199 196
195 201
205 190
201 205
195 212
203 195
204 200
193 203
198 189
202 197
189 206
199 191
208 206
195 212
206 194
211 195
198 200
197 189
197 204
195 213
191 195
204 199
202 203
194 187
207 193
207 204
200 192
197 209
194 212
195 195
193 199
193 199
207 202
211 192
194 198
195 207
196 189
185 198
203 208
209 191
198 202
210 210
205 193
194 198
196 205
197 190
190 202
205 209
210 194
197 205
205 208
205 193
197 196
197 202
199 190
194 205
195 210
207 195
201 203
195 205
204 193
199 198
194 204
205 190
201 201
195 210
205 194
201 202
196 209
205 191
206 195
198 204
196 191
197 205
193 213
195 194
209 195
203 200
195 189
203 204
200 212
194 195
203 201
205 204
197 188
198 192
200 202
196 191
190 210
201 214
198 195
196 198
213 200
205 191
197 200
197 200
200 209
197 191
192 196
202 205
204 189
193 201
203 210
208 193
196 202
199 209
203 191
195 194
195 203
205 189
200 205
195 211
204 196
202 203
194 206
202 192
205 193
193 201
196 188
202 205
184 212
198 196
204 203
198 204
215 191
206 194
197 202
200 190
198 207
194 213
201 195
204 198
193 201
199 189
205 195
195 206
197 192
205 207
197 212
196 194
205 196
201 200
191 187
200 196
198 207
192 193
208 207
205 210
195 195
206 200
203 204
192 192
202 199
200 209
193 192
208 201
207 209
194 192
201 199
203 207
203 207
194 192
202 201
207 209
195 191
197 198
203 207
195 191
196 201
207 210
199 192
196 198
205 206
198 190
195 200
205 209
202 193
195 201
204 209
204 191
193 196
197 206
200 191
189 204
204 212
210 193
196 197
206 204
206 190
198 202
198 211
198 194
198 200
195 207
202 191
205 195
194 205
198 190
203 205
195 212
196 194
207 198
200 202
195 189
203 198
201 209
193 193
199 203
202 210
189 190
200 193
208 201
193 188
202 205
207 212
191 197
199 204
205 206
192 190
202 189
209 197
198 187
194 208
195 212
195 212
193 200
193 208
211 204
206 193
196 189
203 195
200 187
195 207
198 211
200 200
191 210
201 204
211 194
198 192
200 197
203 190
194 207
196 212
204 196
197 203
196 205
207 190
200 192
196 199
206 190
198 211
195 210
206 205
200 212
195 203
205 196
199 186
194 191
206 190
201 210
195 212
205 201
203 208
195 203
203 193
204 188
197 194
198 190
200 210
195 213
195 201
207 207
202 203
195 192
205 188
201 193
193 187
201 209
202 213
191 203
204 210
205 204
193 192
207 184
206 190
197 186
196 210
196 209
191 207
191 207
198 210
212 195
200 202
201 200
206 196
197 198
196 204
202 201
199 194
195 198
205 202
206 192
198 204
197 210
200 192
194 196
194 203
206 191
201 204
194 212
205 194
201 200
190 205
201 191
197 197
194 206
212 191
202 202
197 210
204 193
197 200
194 207
204 191
201 198
190 207
201 192
197 203
194 211
213 192
204 195
197 202
203 189
197 204
191 211
201 195
198 201
194 204
211 189
203 193
196 202
203 192
198 211
194 213
205 197
201 198
189 200
201 190
196 196
196 206
214 191
198 206
196 211
202 195
202 195
190 199
209 203
210 191
196 199
205 208
201 192
194 204
200 209
204 192
191 196
201 203
208 189
192 202
202 210
207 194
192 203
200 208
206 192
191 195
200 202
207 188
192 203
201 210
207 195
192 206
203 207
209 192
193 193
197 200
202 188
187 205
200 212
208 195
195 203
209 205
209 191
194 194
194 202
195 190
184 205
201 212
205 195
202 199
216 204
204 191
197 198
196 208
196 190
192 198
200 207
205 191
193 201
206 209
212 193
200 200
194 207
194 191
191 198
195 207
213 191
207 202
197 210
201 193
198 199
198 199
192 206
202 189
203 196
191 205
203 191
204 206
190 212
204 195
202 197
193 201
209 189
203 199
190 208
199 194
195 206
194 210
213 192
205 192
197 199
201 187
198 205
194 211
201 197
204 206
194 206
199 192
205 191
196 196
195 185
202 205
200 211
194 198
202 208
205 203
192 195
201 199
206 202
193 192
202 199
208 207
187 193
196 204
200 211
193 191
215 193
209 200
198 190
203 210
197 213
194 199
203 205
204 203
194 192
199 191
202 198
194 186
197 205
204 212
197 198
196 208
207 206
200 194
197 193
197 193
205 199
199 189
191 204
201 211
196 196
196 206
213 206
205 194
197 194
202 201
198 187
194 201
200 210
203 196
193 207
202 209
209 193
197 192
198 198
201 188
195 206
194 212
205 197
201 206
194 205
205 193
202 193
194 199
204 188
205 206
191 212
195 197
200 205
190 205
208 190
210 190
195 197
204 190
203 211
194 213
198 200
201 206
188 202
202 192
210 188
195 194
203 188
205 209
197 213
197 202
201 210
197 204
194 191
206 183
206 189
199 186
197 210
194 211
195 206
194 210
207 196
210 201
195 198
196 196
196 196
196 195
189 202
202 203
213 193
199 199
199 205
200 191
184 201
198 209
203 192
198 201
216 208
205 192
197 201
200 208
197 192
194 200
205 208
207 192
199 200
199 209
199 192
195 200
193 209
205 190
204 196
191 205
202 192
201 207
193 213
209 194
205 194
192 199
200 189
200 203
189 212
204 195
201 202
194 206
211 189
203 193
196 203
201 193
198 210
191 215
203 194
200 191
194 194
210 187
203 205
196 210
203 199
198 208
189 205
201 192
196 187
196 192
214 185
204 207
197 210
198 206
196 215
191 206
191 206
204 194
203 180
192 185
206 184
205 208
196 208
200 208
201 195
194 184
196 200
204 200
197 215
197 210
209 208
199 203
197 199
205 198
199 191
195 195
203 192
202 206
195 209
203 195
206 202
197 205
198 191
200 195
198 202
193 189
201 203
204 213
195 195
201 198
205 203
196 187
196 197
202 207
200 193
194 208
203 211
205 194
193 195
199 199
204 188
188 202
200 209
207 196
194 208
209 208
207 194
195 195
203 200
204 190
193 203
195 210
199 194
188 204
205 207
208 194
198 197
209 203
202 189
196 201
201 210
201 210
201 194
192 202
199 207
204 191
192 196
206 205
212 191
195 206
195 212
196 194
185 197
201 201
207 189
199 199
213 208
203 195
196 208
201 211
200 194
193 193
199 198
203 187
185 202
198 212
202 196
196 204
215 207
206 190
197 192
201 201
197 188
194 206
199 213
202 195
192 202
204 203
211 192
193 200
197 206
201 192
188 202
204 210
210 191
196 197
206 205
206 190
199 202
194 210
194 194
192 202
194 207
213 189
206 194
197 203
203 191
197 209
190 212
201 196
199 199
193 201
211 189
204 194
196 204
196 204
203 192
199 209
192 213
202 195
203 197
189 200
203 189
199 197
194 207
211 193
203 208
197 213
203 194
198 194
192 198
201 185
201 200
194 208
209 196
207 210
195 205
198 196
201 202
193 202
202 194
210 197
198 203
198 191
201 204
194 212
195 194
206 196
201 202
195 188
206 200
201 210
195 195
203 205
205 209
192 191
195 191
199 199
186 185
204 202
210 209
197 197
208 210
207 204
199 196
197 200
196 201
194 191
193 197
207 204
204 191
194 206
204 212
202 195
191 199
203 203
203 189
189 196
204 207
201 191
201 191
193 205
209 212
203 194
194 198
203 203
201 187
193 196
202 206
203 193
193 209
203 211
207 196
195 199
199 201
204 190
195 197
196 206
206 193
198 206
196 212
206 194
199 195
195 201
204 188
200 202
194 210
205 196
204 207
194 208
200 192
202 192
194 198
198 187
205 204
199 212
195 197
204 207
201 207
192 189
201 186
203 193
195 185
197 210
200 211
196 207
195 213
208 201
202 199
195 192
205 196
203 191
194 199
197 207
199 193
189 205
205 210
210 193
197 197
208 204
206 191
189 205
193 212
194 193
194 193
191 197
213 202
208 189
203 202
208 210
196 194
196 205
200 208
195 191
195 193
207 201
203 189
195 206
204 213
203 196
194 201
199 203
202 190
190 196
202 205
210 192
197 206
203 214
205 192
197 192
192 198
197 188
193 207
196 212
215 199
200 207
196 204
203 191
189 190
206 196
212 188
195 208
198 213
199 200
188 207
203 204
210 192
195 189
205 195
206 188
199 209
195 213
194 199
194 206
193 204
210 189
207 186
190 193
199 188
195 212
194 210
212 205
205 208
197 195
205 201
198 199
190 197
200 196
195 202
195 202
196 204
214 194
201 200
196 206
201 190
187 197
200 206
209 191
197 205
206 212
208 193
199 197
194 202
194 190
193 203
193 211
210 193
207 197
194 203
202 190
200 202
191 211
203 194
201 202
193 207
208 190
204 195
194 204
203 190
200 207
195 212
207 195
207 201
197 203
198 191
199 198
193 207
195 191
207 200
199 209
196 192
207 199
199 208
195 191
204 200
200 209
194 191
205 198
205 207
198 191
198 201
197 210
194 191
194 195
207 204
204 190
194 205
204 213
202 194
192 198
202 203
204 189
192 198
192 198
203 207
207 194
195 207
200 211
204 193
194 194
195 199
204 188
197 203
195 211
206 196
199 205
195 207
206 191
199 192
194 200
204 190
202 209
195 214
202 197
204 201
196 202
198 190
202 192
196 201
190 188
200 206
197 212
195 197
212 205
205 205
196 192
201 192
199 198
196 186
199 203
200 210
194 198
197 209
208 207
199 192
197 189
205 193
200 184
195 205
198 210
200 202
191 212
204 205
210 195
195 191
200 195
203 190
195 205
198 211
205 196
198 204
195 206
205 192
202 193
192 201
202 190
200 207
193 213
193 213
208 197
204 203
195 205
205 193
201 196
193 203
204 190
202 206
196 211
207 197
207 205
199 206
196 191
196 190
196 197
194 185
203 206
206 211
192 201
198 210
204 205
190 193
202 188
210 193
195 187
198 208
200 212
187 202
201 210
208 204
197 193
209 187
206 192
197 188
195 209
195 211
191 205
198 212
213 203
201 196
197 186
201 190
194 185
195 205
204 210
202 201
193 212
202 205
204 194
192 189
202 194
206 190
195 209
199 212
203 198
195 205
195 204
205 192
200 193
195 199
204 189
200 208
194 212
194 212
205 198
203 205
195 204
202 192
204 193
196 200
197 190
201 207
195 213
195 196
208 200
201 203
196 191
204 196
201 205
194 190
199 204
202 212
193 193
201 195
207 200
197 185
196 197
201 207
199 195
195 210
205 209
207 196
198 198
198 201
199 191
195 199
194 208
207 193
203 204
194 210
204 193
200 198
194 205
206 192
202 203
195 211
206 194
203 200
193 206
202 191
202 196
189 206
204 191
200 206
196 213
213 193
204 195
197 200
201 188
197 203
191 211
202 195
199 205
194 207
211 191
204 193
195 200
203 190
203 190
198 209
195 214
208 196
208 199
200 201
197 190
194 196
196 206
193 189
203 200
207 210
187 193
197 201
202 208
191 187
210 191
211 201
195 194
197 214
197 214
189 198
204 198
210 198
196 191
203 195
203 203
197 190
198 203
201 212
200 194
196 202
200 206
203 190
193 194
198 204
207 192
197 208
197 216
206 193
198 193
196 198
205 188
199 206
194 213
204 197
203 203
194 204
201 189
203 191
195 199
198 189
203 209
196 212
195 199
205 207
201 204
194 191
204 187
203 193
197 185
196 208
197 212
193 204
193 204
196 213
210 204
202 194
195 186
203 190
200 187
194 207
199 211
201 201
191 211
205 204
210 195
196 193
204 196
206 192
197 210
198 212
200 197
195 203
194 203
207 192
201 194
195 202
206 191
199 208
195 213
205 197
198 201
195 203
206 190
199 193
195 202
205 191
199 211
196 213
207 198
201 202
192 202
202 191
198 193
193 200
208 189
203 207
195 212
205 197
200 205
193 204
203 192
200 192
194 199
207 188
203 207
190 211
200 197
196 205
195 204
213 192
205 192
197 198
202 190
197 209
192 213
202 197
202 201
202 201
189 202
203 190
199 192
194 201
211 191
203 211
197 214
203 198
197 201
194 201
205 190
201 192
190 200
201 191
196 210
197 213
215 198
199 202
196 201
200 191
187 193
204 200
211 187
196 203
203 211
202 196
195 205
197 207
202 190
196 191
194 198
204 187
201 207
194 212
205 198
202 206
190 204
202 192
198 191
192 196
209 187
203 206
196 211
205 199
202 209
195 205
201 193
203 190
193 195
200 190
207 210
196 213
199 202
206 209
196 203
196 193
205 187
198 192
195 188
204 209
203 212
194 204
201 212
204 205
204 205
191 194
198 183
205 187
194 184
199 208
206 208
197 207
197 207
206 192
199 208
195 197
204 193
198 208
194 199
206 193
201 208
195 197
206 192
201 207
190 194
200 193
196 210
195 191
213 196
204 206
198 195
203 211
196 211
195 196
205 195
203 198
194 189
200 198
202 209
193 192
201 203
208 209
196 192
198 198
204 205
198 190
195 199
204 209
203 193
194 204
200 210
203 191
190 194
198 202
207 189
192 206
203 213
209 195
193 202
199 204
203 190
188 195
200 204
209 190
195 205
204 212
208 194
197 201
197 201
197 205
200 190
196 197
190 206
202 192
198 205
196 212
213 192
204 194
197 201
200 188
196 204
190 212
202 195
197 202
197 206
215 189
203 192
197 202
199 191
192 209
195 213
207 197
201 201
197 203
208 193
200 198
195 205
204 191
199 204
196 212
208 194
208 198
200 204
196 190
194 200
195 211
194 192
207 198
210 206
196 190
196 199
197 208
189 191
201 200
213 208
199 192
199 199
201 207
188 191
198 199
208 208
195 190
207 199
211 208
199 192
194 203
193 210
191 190
193 192
212 201
206 190
196 210
196 210
203 213
197 197
194 203
206 202
204 191
194 193
200 200
201 189
193 207
200 212
207 197
196 205
199 204
207 192
198 192
196 199
203 190
201 208
194 213
200 197
203 203
191 203
200 189
208 189
190 197
197 189
204 211
192 215
209 197
211 203
195 195
199 194
200 206
181 205
193 193
195 192
197 196
215 186
206 202
210 209
205 199
198 211
195 207
194 194
193 189
193 193
205 186
204 204
195 211
205 199
206 210
185 206
192 194
194 189
191 192
216 185
208 204
203 209
206 205
195 215
198 205
204 198
195 192
196 195
196 195
208 193
200 207
197 210
207 196
199 202
195 204
205 191
200 195
194 203
205 191
203 208
195 212
203 196
205 199
183 202
193 189
195 194
196 205
216 192
207 208
209 213
206 195
198 198
196 201
195 190
196 199
194 209
207 192
209 202
194 209
196 192
197 198
187 206
203 188
209 196
197 206
209 193
203 209
195 212
201 195
202 194
192 198
197 188
203 200
189 210
202 194
209 205
196 208
208 191
209 192
201 200
197 191
190 209
192 214
187 196
204 197
204 200
199 189
215 195
204 205
194 194
194 210
193 214
193 214
192 194
209 190
207 194
192 186
199 204
199 211
189 200
204 210
201 207
196 192
212 184
205 190
195 185
193 209
194 209
188 206
204 210
204 194
199 203
213 201
203 197
198 199
200 203
197 202
194 193
200 193
203 198
195 186
197 203
202 210
196 197
196 208
209 205
201 195
198 198
207 201
201 192
196 203
203 210
203 193
193 201
198 206
202 192
190 201
205 208
212 192
196 200
202 207
203 192
195 200
199 208
204 191
197 202
195 209
205 193
201 200
196 207
206 191
205 199
198 208
196 192
197 201
192 210
196 190
196 190
209 194
200 203
195 190
204 207
197 214
196 194
207 196
203 199
195 188
199 201
201 210
190 194
199 202
206 207
192 188
205 190
210 199
199 190
195 211
194 213
194 200
193 206
211 202
209 193
193 192
198 197
197 187
191 205
203 210
209 197
197 208
199 206
203 193
195 193
195 197
204 189
200 207
195 211
205 197
205 205
194 204
197 191
199 190
191 197
199 186
210 206
200 211
198 200
203 210
197 205
197 192
206 186
206 191
203 184
201 207
184 210
185 206
180 215
196 205
207 195
211 181
210 186
201 186
201 186
209 209
197 210
193 208
197 210
192 190
198 200
215 196
201 191
199 212
203 196
189 191
201 203
209 197
195 215
207 210
210 201
199 202
198 198
198 196
196 198
191 201
203 192
201 200
194 207
210 193
204 205
195 210
203 193
199 196
190 202
202 189
198 204
195 213
212 195
204 201
197 205
202 190
198 196
190 206
201 192
199 206
195 213
212 193
205 194
196 200
202 189
198 205
192 213
202 195
203 200
190 203
204 190
203 197
192 206
207 192
204 205
192 212
201 193
201 194
190 200
204 188
203 204
192 211
207 196
207 196
203 204
192 206
202 192
199 192
193 200
207 188
203 206
195 211
205 198
201 207
192 205
201 191
201 188
189 194
203 187
203 209
193 213
208 203
205 211
190 205
201 192
196 182
192 187
209 182
204 208
191 211
199 210
195 213
194 197
213 198
204 193
197 194
204 195
197 207
190 202
200 196
195 205
196 202
214 194
201 196
199 201
203 190
192 204
201 211
210 195
200 203
197 206
202 192
195 195
195 202
207 191
200 207
196 212
208 197
201 201
196 203
204 191
200 196
191 204
202 192
201 208
193 212
208 195
208 195
204 198
197 201
206 190
204 200
199 209
196 194
197 206
192 211
196 190
210 189
203 197
196 188
203 210
199 213
195 201
204 208
206 203
198 193
198 186
199 191
198 184
195 207
199 211
202 206
193 215
200 206
210 195
199 182
198 188
201 187
195 210
195 213
204 205
204 213
195 205
203 191
204 179
197 186
194 190
196 213
193 214
196 210
215 208
207 199
198 198
201 190
200 195
199 192
197 203
197 209
196 193
195 199
207 205
207 190
194 199
196 209
198 191
187 198
203 207
210 190
197 200
207 209
207 192
199 200
199 200
194 208
194 190
193 197
192 206
210 191
206 205
195 211
204 194
200 197
191 203
201 190
200 201
193 210
209 194
204 203
196 209
206 192
204 195
197 204
196 191
198 206
191 213
199 195
212 198
200 202
200 191
205 200
197 210
196 193
202 200
201 207
197 189
191 196
192 205
189 190
193 202
214 211
206 193
198 199
204 205
198 189
194 197
199 206
201 193
193 206
203 212
209 193
197 194
198 199
202 189
194 206
196 211
208 197
200 205
197 205
206 193
198 194
194 200
203 190
199 207
194 212
206 196
204 202
204 202
195 204
203 191
204 193
197 202
197 191
200 209
195 214
194 196
207 197
203 200
192 190
202 197
198 208
193 191
209 202
206 211
193 193
200 197
199 205
191 186
203 194
208 205
196 194
200 211
204 213
195 196
196 194
205 197
200 188
195 200
204 210
203 195
194 207
199 209
202 193
190 193
204 199
211 188
195 204
198 211
201 196
188 207
202 207
209 192
196 192
207 198
207 188
200 207
197 212
192 197
193 204
189 204
205 190
207 189
196 197
209 193
203 214
191 211
199 204
195 207
196 198
214 198
205 194
198 197
198 197
202 194
197 206
190 212
201 193
197 195
195 201
213 189
205 204
198 211
203 195
197 203
190 206
201 192
195 197
198 205
215 190
200 203
197 212
200 193
188 199
203 205
209 189
196 197
207 208
206 194
197 208
197 214
196 191
192 191
195 196
209 187
201 207
197 212
206 200
198 208
196 204
204 193
199 189
191 194
201 189
197 210
195 213
211 200
203 206
197 203
204 192
197 190
205 196
211 188
208 209
210 213
205 200
204 207
201 202
198 192
198 189
198 195
199 188
200 208
202 213
202 198
202 206
201 204
201 204
201 192
200 190
200 196
199 187
199 207
199 212
199 200
201 208
201 205
201 192
201 188
200 193
198 185
197 208
197 212
199 202
201 211
202 204
203 193
202 188
200 192
198 186
196 206
196 211
198 202
200 212
203 205
204 194
204 188
202 193
200 191
199 212
198 213
199 202
200 207
201 202
202 193
201 189
200 194
200 189
199 210
199 212
200 201
200 208
200 203
201 193
201 187
200 192
198 189
195 210
194 212
197 204
201 210
205 202
206 194
204 186
201 191
198 189
196 210
195 213
197 203
199 209
202 204
203 191
203 191
204 183
202 189
199 185
195 210
193 211
195 210
199 210
203 196
206 199
205 195
203 194
199 199
197 208
195 204
195 196
197 195
199 199
202 190
204 201
203 210
201 195
199 205
198 209
198 190
198 190
199 198
199 188
199 209
200 212
200 201
200 208
201 204
201 193
200 187
199 193
195 186
194 208
195 213
198 201
203 209
206 204
206 193
204 188
200 193
198 185
195 206
194 212
196 201
198 211
202 205
204 193
205 186
202 191
199 186
195 207
193 211
194 205
198 213
202 205
205 196
206 185
203 190
200 187
200 187
197 208
196 211
196 205
198 214
201 205
203 196
204 185
203 191
201 191
198 212
197 214
197 203
198 207
200 201
202 194
202 188
201 194
200 190
199 210
199 213
198 201
198 207
198 204
199 199
200 190
201 191
201 187
200 194
199 215
199 202
199 202
200 211
200 188
201 190
200 200
199 191
199 212
198 215
199 198
200 200
201 200
201 189
201 192
200 201
199 192
198 212
198 214
198 197
200 198
201 200
201 189
201 193
200 203
200 192
200 210
199 213
199 196
199 196
199 199
198 189
199 197
199 207
200 193
201 207
201 207
201 213
201 192
200 191
199 197
198 187
198 207
198 212
199 199
200 207
201 205
201 191
201 188
200 194
199 186
197 208
196 213
197 201
199 210
201 204
203 193
203 187
201 192
199 186
197 207
196 212
197 201
199 210
201 205
204 192
203 185
201 190
198 185
194 209
193 208
196 205
200 210
205 194
206 204
205 203
203 197
201 200
201 202
200 199
199 195
197 201
197 204
198 192
200 198
201 206
202 192
202 203
200 211
200 193
199 198
200 205
201 189
200 198
199 208
196 193
196 206
198 212
200 191
203 192
203 192
204 198
204 189
202 209
200 213
197 200
195 206
195 204
197 190
200 186
202 194
203 187
202 211
200 213
199 206
199 211
199 202
199 194
199 182
199 188
197 187
196 209
197 213
199 205
202 212
204 205
204 192
202 180
199 186
196 185
192 210
192 213
195 211
200 210
203 195
200 198
191 195
181 194
187 198
189 206
204 202
215 195
201 198
200 202
198 192
193 202
195 209
202 193
199 200
194 207
203 191
205 198
199 208
195 191
196 201
194 210
188 188
204 191
205 200
191 188
203 208
204 213
193 198
202 206
206 204
206 204
196 191
197 189
201 195
198 185
194 207
198 212
200 203
191 213
204 205
209 195
196 188
205 192
206 190
199 211
194 213
195 201
189 208
197 203
214 193
203 189
204 194
205 190
199 211
196 214
195 200
197 205
189 202
204 190
205 187
194 194
208 191
203 213
194 211
203 203
200 207
190 197
203 198
202 196
193 198
208 194
205 203
192 210
201 192
200 195
192 203
207 190
207 205
194 212
202 195
203 200
193 204
202 189
207 193
196 203
198 192
204 210
196 214
195 196
205 194
201 196
195 185
204 195
204 204
204 204
199 197
199 214
199 211
197 197
192 194
203 197
204 190
191 200
204 209
205 193
192 204
202 210
206 191
194 194
199 202
205 189
194 206
197 212
206 196
197 203
196 205
206 191
199 193
195 201
205 190
201 209
195 213
203 196
204 200
190 202
195 190
201 194
189 204
207 189
211 204
196 212
205 196
204 203
196 206
196 191
197 192
193 200
194 185
207 203
202 212
195 198
205 208
200 208
195 191
207 189
203 197
192 190
201 212
198 214
194 202
211 207
204 202
197 193
205 188
199 194
192 188
200 209
198 213
193 202
193 202
209 209
204 204
195 193
204 186
199 192
191 186
200 208
199 212
194 205
211 213
206 204
196 195
204 184
202 189
197 186
196 208
197 212
192 205
197 213
212 205
202 194
199 183
204 188
199 186
194 209
194 209
197 207
190 212
207 198
209 200
197 197
207 197
201 195
195 202
200 205
202 192
192 198
201 205
207 191
192 202
201 211
207 193
191 198
200 206
206 189
194 199
204 207
209 194
197 207
197 211
201 192
196 192
195 197
207 189
206 208
197 212
199 199
200 206
194 204
197 191
207 187
203 193
191 184
191 184
190 207
192 213
187 201
210 210
208 204
204 193
212 190
199 194
197 189
195 210
196 213
194 200
205 207
209 203
194 193
195 189
197 193
189 184
198 204
211 210
198 204
200 215
208 207
193 195
203 186
209 191
197 190
193 211
197 214
189 203
200 209
212 203
203 193
210 187
206 193
201 189
194 211
189 212
192 204
192 210
210 203
203 194
196 184
206 189
194 186
199 208
205 212
197 206
198 214
207 205
199 195
196 183
204 188
201 187
195 209
200 212
203 205
194 212
203 203
209 194
196 185
197 190
201 190
195 211
195 211
195 213
206 203
203 209
195 202
204 192
204 183
197 190
198 188
198 210
198 213
194 205
202 211
205 204
193 195
202 182
205 187
197 184
197 207
199 209
199 208
194 212
203 192
207 200
191 197
198 189
203 207
191 208
204 192
211 205
194 201
200 190
202 204
193 204
201 193
208 205
199 206
207 199
209 199
205 199
209 199
205 194
206 200
203 207
201 192
199 199
197 207
197 191
199 200
201 209
203 192
204 200
203 207
202 190
200 199
199 208
199 192
199 202
200 210
201 192
202 197
202 205
202 191
201 206
200 214
200 214
199 194
199 195
200 199
200 187
201 203
201 210
200 197
200 209
199 208
198 192
199 190
200 195
200 188
201 209
201 213
201 200
200 208
199 203
199 192
199 188
199 194
200 189
200 210
200 214
200 201
200 207
200 203
201 192
201 187
200 193
197 188
193 210
193 213
197 204
202 210
205 203
203 193
198 184
192 189
186 185
180 208
189 212
190 203
204 211
211 204
201 195
208 186
204 191
200 187
194 208
186 212
190 203
191 211
209 205
209 193
197 184
205 190
201 184
199 208
191 211
191 208
187 215
199 205
199 205
216 194
204 180
203 186
201 188
198 211
197 212
193 208
195 211
190 199
203 198
212 191
197 195
202 194
203 207
194 211
199 193
205 193
198 198
195 184
201 198
201 208
192 197
197 211
202 210
190 193
205 188
213 193
200 186
193 206
192 211
187 202
200 212
213 204
205 197
211 193
203 197
194 193
196 207
197 215
191 194
204 194
211 198
195 189
200 206
203 212
190 197
201 204
208 205
194 190
203 191
209 199
198 190
195 210
197 213
193 199
194 205
212 203
195 192
193 190
202 196
191 184
211 204
209 210
209 210
195 202
204 213
201 207
195 193
199 186
200 190
194 185
196 207
204 211
198 204
197 214
209 205
201 195
196 188
202 192
200 188
195 206
200 211
203 199
194 210
201 206
209 193
197 190
197 194
202 188
196 209
195 212
205 199
202 207
194 203
204 193
203 192
194 197
201 190
203 208
187 212
197 197
203 202
194 203
212 191
208 194
194 202
200 191
200 208
194 214
203 196
207 197
196 200
198 188
201 197
195 208
191 192
202 204
199 211
194 190
209 190
204 198
192 188
199 208
198 213
191 199
207 206
205 204
191 192
191 192
204 189
200 195
188 185
203 206
197 211
197 202
215 213
200 205
200 196
204 190
190 194
199 191
208 208
194 213
204 199
210 205
197 204
198 193
201 192
196 197
197 186
207 204
206 209
200 202
197 213
196 207
194 195
194 187
208 192
207 188
194 208
199 213
201 200
192 209
203 205
210 192
194 188
199 193
203 188
193 210
199 214
207 201
199 207
196 203
204 193
198 188
192 194
203 189
198 210
195 213
210 201
202 207
196 202
204 193
198 188
191 194
202 187
198 208
195 213
212 201
204 209
192 205
199 193
192 187
192 187
193 192
211 185
203 206
198 211
204 204
198 214
193 205
202 194
200 183
188 188
202 186
198 209
194 212
212 207
196 214
195 204
203 195
192 182
210 187
211 187
194 209
195 212
196 206
189 213
205 204
210 194
196 181
206 186
204 184
199 209
193 211
193 209
189 214
199 200
216 198
204 188
202 194
203 193
196 207
196 211
202 195
198 198
194 202
207 192
203 202
195 210
206 193
201 202
195 208
205 191
202 197
191 205
202 191
199 205
194 214
210 192
204 195
195 200
203 188
198 206
191 212
202 197
197 204
197 204
196 205
212 190
203 191
198 199
202 190
195 211
195 214
205 199
200 203
195 202
206 191
200 192
194 200
204 191
198 209
195 214
207 197
201 200
194 201
205 191
201 195
193 204
202 190
201 205
190 212
204 194
205 197
191 202
206 188
204 199
189 209
202 195
196 208
196 211
214 191
199 187
195 194
199 186
182 209
199 213
202 203
202 211
217 204
202 192
200 183
199 188
195 183
196 208
198 211
200 210
193 213
205 197
211 199
194 194
197 194
201 198
188 208
202 204
210 196
196 197
206 200
207 191
198 199
192 208
192 208
194 192
190 201
197 209
216 189
202 194
197 203
200 191
191 208
198 214
209 194
200 195
197 199
204 189
197 203
193 210
204 195
198 206
196 208
209 193
201 194
196 200
204 189
198 207
196 212
206 197
204 204
195 205
199 191
201 190
193 198
199 187
206 208
196 212
197 201
204 209
197 204
195 193
204 186
201 191
194 186
201 209
204 211
193 206
199 214
205 204
190 195
203 183
210 188
198 187
198 209
198 212
196 207
208 213
217 203
214 196
211 186
202 190
197 189
192 209
191 213
195 200
202 207
203 204
203 204
196 191
184 186
186 191
191 183
196 207
212 211
204 208
197 216
205 203
198 197
194 186
202 191
202 190
189 208
195 213
199 196
192 203
212 203
209 189
197 192
203 200
198 189
194 209
200 214
202 197
193 202
203 202
208 190
193 193
197 202
201 190
186 208
201 213
206 195
196 197
210 201
205 189
195 198
201 207
201 193
193 207
198 212
203 192
190 192
201 198
210 187
192 205
198 212
203 198
191 208
207 207
211 192
197 190
203 197
203 189
197 209
195 213
199 199
195 206
195 203
212 193
203 191
197 197
204 191
204 191
197 210
192 214
202 198
198 201
195 202
211 190
202 193
196 201
203 192
196 211
195 214
206 197
202 198
194 199
205 191
201 198
190 207
200 193
196 205
195 212
213 191
198 192
195 199
202 187
190 206
207 213
212 197
196 205
199 205
201 190
193 191
199 199
207 189
197 210
196 214
204 197
198 202
195 202
207 191
203 192
193 201
201 190
200 208
189 214
204 195
202 198
193 201
210 190
203 198
194 208
202 193
198 204
190 212
204 190
200 190
194 199
209 189
202 210
195 214
204 199
199 204
192 202
202 191
202 191
198 190
194 197
209 187
204 207
192 212
199 199
195 208
193 206
211 190
203 185
196 191
203 185
198 210
192 209
201 206
202 210
192 196
205 200
207 197
193 196
201 196
205 203
195 205
199 194
206 198
197 204
196 190
205 201
201 209
195 194
203 205
205 209
194 193
198 194
202 201
188 188
199 203
208 211
196 196
209 205
209 208
191 191
192 190
194 197
185 184
205 204
207 211
202 202
214 213
202 206
197 195
199 188
198 192
193 187
197 206
201 212
190 201
206 211
210 205
196 193
206 188
205 193
201 188
198 209
198 209
191 212
193 203
189 211
205 204
209 194
197 185
209 191
205 187
198 209
195 212
195 206
195 213
196 204
208 194
205 181
193 187
196 186
198 210
190 211
203 208
210 212
196 199
205 199
207 193
198 196
193 195
194 205
190 211
195 191
215 191
202 198
199 191
204 212
190 216
200 200
209 202
194 202
202 187
207 186
196 195
194 190
198 213
194 214
196 202
212 206
204 201
197 194
203 188
201 193
198 186
196 205
196 211
193 200
196 210
210 206
202 192
196 187
204 192
201 186
192 208
194 212
198 205
189 214
189 214
209 204
210 196
198 187
208 192
201 190
195 210
198 214
200 199
193 205
205 203
210 192
194 191
197 199
199 188
186 208
200 213
207 197
197 203
211 204
205 193
195 194
201 202
201 187
196 202
198 210
202 196
193 207
199 207
210 193
191 192
193 198
201 188
190 206
211 213
209 197
197 204
207 205
200 189
195 189
198 198
198 188
189 209
200 214
208 199
195 206
208 203
209 193
193 191
195 198
196 188
188 207
203 213
213 197
200 205
202 205
204 191
195 193
197 200
202 189
197 208
195 214
207 196
204 201
194 202
194 202
201 191
202 197
191 206
204 192
208 204
193 212
203 193
206 197
195 203
198 188
202 200
195 209
194 194
205 204
201 210
194 188
204 188
204 196
198 186
199 210
198 213
197 203
192 210
202 203
201 193
193 186
209 191
205 186
194 207
198 211
199 204
190 213
204 205
206 194
194 186
208 191
205 191
194 212
199 213
201 203
192 209
204 203
210 194
194 187
202 192
204 189
194 210
198 213
203 202
196 208
196 202
207 193
199 188
195 193
205 191
199 211
195 214
206 201
201 205
195 203
205 191
203 187
194 194
194 194
200 190
203 212
192 214
202 204
208 208
193 202
200 192
205 183
194 189
197 186
204 210
195 209
196 207
207 208
199 190
197 204
205 200
199 193
191 205
200 206
195 200
197 198
214 194
205 198
198 192
201 204
199 212
195 192
200 195
203 201
196 186
197 200
203 210
199 195
195 206
205 208
206 192
194 194
196 200
199 189
186 204
201 212
208 194
197 201
210 206
206 190
195 195
196 205
197 190
183 204
197 213
200 193
200 196
217 201
204 189
200 205
201 212
194 195
196 200
204 203
199 189
195 194
203 204
204 191
204 191
197 209
197 213
200 195
194 197
195 200
209 189
202 198
197 207
205 195
200 210
193 212
202 194
199 192
195 196
210 189
204 207
198 213
205 198
204 206
199 204
196 192
196 191
195 196
193 185
205 204
206 211
194 200
200 212
203 207
190 192
198 186
206 190
195 184
199 208
204 211
195 207
196 216
207 205
199 196
197 182
205 186
200 183
196 206
198 209
200 209
193 211
202 194
209 207
196 199
199 191
204 203
195 201
197 192
205 205
198 208
195 199
206 199
203 197
194 198
201 193
202 199
191 206
199 192
199 192
207 201
193 210
203 192
210 198
196 206
198 191
201 201
194 211
195 192
206 197
200 205
195 189
205 199
202 209
192 194
201 204
201 210
193 189
208 188
209 197
200 188
196 211
193 214
195 202
194 208
208 203
210 192
194 185
195 191
194 186
188 210
201 213
212 204
200 212
205 203
207 195
197 186
193 190
194 187
192 208
193 213
213 201
207 209
197 204
204 193
197 190
193 196
204 191
200 211
195 214
209 200
202 206
196 202
205 192
200 190
191 196
201 190
195 211
197 214
215 199
201 205
197 202
201 192
186 192
186 192
200 199
208 188
195 205
207 212
209 196
199 206
199 206
198 192
196 193
193 200
202 190
204 206
191 214
204 194
206 199
191 203
203 191
204 199
190 209
203 193
202 202
192 210
207 191
203 196
196 205
206 190
204 203
199 212
196 193
196 196
194 202
194 186
206 197
205 208
195 195
202 210
203 212
196 192
199 189
203 193
199 184
197 205
197 210
199 205
192 215
201 206
211 195
199 183
198 188
201 187
195 210
195 212
205 205
204 212
195 203
203 194
204 183
197 189
193 186
196 209
191 213
195 203
214 211
214 211
201 204
198 193
204 184
194 190
196 185
203 208
197 211
194 207
207 215
200 204
196 196
207 182
201 188
194 186
197 208
198 212
190 203
204 212
205 204
196 195
210 188
203 192
196 191
203 211
199 214
191 202
203 208
200 203
194 191
210 185
204 191
192 187
199 211
196 210
193 206
211 209
204 194
197 203
206 201
199 198
197 197
206 198
205 200
199 193
197 202
197 209
195 191
195 195
207 204
204 190
195 205
204 212
204 195
194 201
198 204
202 190
189 194
203 205
210 192
195 209
202 214
204 195
195 196
197 200
197 200
202 188
195 198
195 208
207 194
201 207
196 212
205 193
200 192
191 198
201 188
199 206
193 213
211 197
205 203
191 204
199 190
193 192
194 200
213 190
204 209
198 214
204 197
198 202
192 202
200 191
198 193
192 202
208 189
204 208
195 214
205 196
201 201
192 203
201 189
200 191
189 202
204 189
203 208
193 214
208 197
205 202
193 203
200 190
201 192
193 201
201 189
206 208
196 213
198 197
204 204
197 204
195 190
205 189
202 197
193 186
196 208
198 213
189 202
207 210
209 204
197 194
208 188
203 193
203 193
194 190
197 211
199 213
190 202
204 208
210 203
195 194
204 187
204 192
199 185
197 208
194 211
196 205
190 214
205 205
208 194
196 183
208 188
205 188
197 212
196 211
196 206
192 212
196 199
209 199
201 191
197 195
205 191
196 205
195 212
206 195
199 200
195 204
206 189
199 196
195 206
205 193
200 210
195 213
205 193
204 191
194 195
201 189
203 207
188 213