0 0
10 8
39 30
79 72
134 127
189 184
223 217
257 244
276 273
292 273
318 302
330 308
328 329
350 372
368 382
374 408
395 386
388 368
355 346
358 334
360 348
353 350
357 363
342 352
345 356
362 359
369 369
379 404
388 399
372 396
378 397
397 388
383 395
368 393
383 364
372 347
375 321
409 343
390 360
390 360
384 385
395 389
369 389
391 397
388 381
391 408
395 373
398 392
390 393
393 385
397 408
397 383
403 401
399 390
399 390
382 402
407 380
374 406
392 387
387 396
387 385
410 387
406 396
402 392
398 413
388 406
392 399
390 390
393 389
396 388
391 403
420 402
402 408
406 387
411 404
384 391
399 394
391 397
392 394
395 414
399 403
419 401
408 405
407 387
397 399
379 397
391 398
396 400
403 399
419 399
408 398
402 404
400 402
382 402
393 401
398 394
402 395
411 393
407 395
402 414
399 400
393 411
394 407
404 386
404 386
402 399
410 387
387 391
403 413
383 400
396 410
402 407
402 384
406 397
405 388
398 389
396 417
403 380
388 407
409 379
392 383
406 415
398 410
401 404
394 398
393 372
393 382
394 392
416 388
408 421
404 403
400 401
383 408
392 380
397 395
403 389
410 390
408 421
403 403
397 415
390 412
393 379
399 395
402 387
410 392
408 412
403 405
400 409
393 405
392 387
390 395
396 387
410 389
401 423
419 402
410 422
384 412
394 380
380 401
389 389
418 395
409 389
407 394
402 401
388 391
394 418
406 405
399 391
399 391
412 402
386 383
397 395
381 405
389 400
418 408
404 405
419 394
414 400
388 393
392 395
398 407
386 402
406 405
400 404
405 391
395 394
397 386
390 388
392 410
403 368
396 401
419 369
407 369
393 424
401 395
382 419
394 395
401 389
404 387
406 387
403 423
397 402
399 417
397 412
398 379
401 399
401 385
401 391
402 407
400 401
396 411
386 406
388 392
404 399
394 384
416 389
411 416
390 400
398 414
389 411
393 378
397 392
402 388
402 392
401 403
405 406
406 405
397 403
394 397
385 397
388 389
407 390
400 408
400 408
415 396
410 415
391 406
398 391
397 403
393 386
411 394
393 403
407 396
389 415
399 402
399 401
399 408
412 390
408 404
394 399
393 400
384 405
383 403
420 401
395 402
413 395
390 393
390 389
405 390
398 411
419 371
410 403
395 373
401 368
392 421
391 413
405 418
404 410
409 404
394 385
407 396
386 371
396 371
394 368
396 367
413 423
405 406
410 423
406 407
383 399
389 395
383 381
389 403
418 381
401 401
421 407
412 404
386 401
399 402
390 393
393 393
406 380
396 382
407 391
389 385
404 422
398 403
398 403
402 398
390 408
391 379
400 396
391 394
414 394
409 415
395 406
399 404
387 401
392 374
399 384
404 392
408 384
405 424
399 388
395 408
386 402
389 397
412 406
396 404
424 395
409 397
385 389
401 391
378 407
393 397
400 412
399 405
418 392
407 404
399 390
401 396
385 397
394 397
395 410
399 403
403 404
398 403
415 388
409 393
396 398
396 391
389 416
393 386
403 400
405 381
406 384
392 425
410 409
391 427
405 404
395 395
396 397
394 391
396 403
409 394
404 405
404 397
402 407
392 396
396 407
400 395
397 397
397 397
413 391
403 391
400 416
403 374
384 399
396 366
397 365
398 419
415 420
405 411
408 421
408 391
389 389
394 394
393 396
394 394
397 387
403 424
401 400
397 413
418 411
405 382
401 406
402 386
378 396
390 396
398 396
395 405
420 403
406 404
404 404
408 394
384 394
396 389
391 391
393 413
406 372
399 401
417 369
409 368
394 423
398 402
388 423
394 402
396 393
400 393
394 393
392 378
418 378
403 370
412 364
411 419
384 417
397 400
382 409
386 382
415 384
392 407
421 412
397 401
397 397
408 390
406 392
406 392
399 402
390 397
384 410
389 406
419 396
400 398
423 373
389 376
386 386
391 379
389 424
419 398
391 411
416 407
404 381
402 407
399 387
394 403
387 402
385 402
419 401
397 400
419 397
395 397
393 398
394 398
397 400
407 400
408 401
405 401
398 399
395 399
393 396
401 397
399 397
410 398
390 406
408 403
392 401
403 401
399 394
399 396
402 405
401 402
407 405
406 405
398 394
396 396
395 393
395 393
395 408
397 399
398 411
391 405
417 393
397 402
411 385
409 390
383 404
400 391
381 416
393 403
409 393
405 406
405 406
409 387
405 401
389 400
394 400
387 404
389 403
416 398
390 399
422 393
396 393
394 401
393 396
392 411
405 404
396 399
416 403
410 388
394 395
399 400
392 397
394 408
407 405
397 397
411 399
382 392
396 395
390 396
389 399
421 407
391 401
409 410
382 408
378 399
411 390
402 396
430 392
405 404
395 410
393 408
388 386
408 405
396 387
408 398
388 403
395 401
394 405
392 403
421 395
406 397
403 394
404 396
379 410
395 405
397 403
395 400
419 387
400 394
412 408
411 398
386 416
403 406
388 393
396 402
396 402
409 386
406 394
406 413
402 401
388 410
392 407
400 384
397 395
416 386
412 385
398 420
395 403
390 430
393 407
398 383
402 403
395 381
397 405
401 400
405 399
408 394
406 396
400 408
397 400
393 408
393 405
395 393
399 399
411 389
406 390
405 392
400 389
393 424
392 392
407 417
393 396
412 394
390 398
400 397
392 413
394 407
408 397
404 394
407 375
402 382
391 416
394 393
389 427
394 398
404 391
399 402
414 394
408 408
389 391
395 408
384 386
389 399
419 394
405 395
411 413
408 404
384 404
398 401
397 380
397 380
393 390
407 397
394 391
410 424
391 404
397 403
385 411
389 377
411 393
400 388
419 382
413 423
386 402
399 425
390 404
393 394
396 400
401 385
398 408
395 390
414 405
405 397
402 403
404 397
384 399
391 395
390 393
389 396
419 395
389 417
415 395
410 406
398 392
408 399
405 390
385 406
393 395
385 387
384 424
416 402
404 411
431 410
404 387
396 406
390 394
393 403
392 397
398 401
406 399
394 400
420 404
404 402
397 399
410 398
386 395
400 396
389 408
392 402
416 407
401 406
415 392
410 398
384 388
384 388
396 392
393 411
392 400
393 411
400 405
405 387
398 398
416 390
408 394
393 415
398 404
388 407
388 404
390 388
397 396
417 375
405 376
415 381
409 373
375 424
386 395
382 413
389 396
415 390
413 389
407 387
401 424
380 399
391 418
407 410
396 378
419 404
409 383
392 395
403 406
379 401
389 405
398 403
391 385
421 389
399 392
409 381
410 422
384 405
398 417
382 406
385 398
414 396
398 386
420 405
399 391
394 404
391 400
393 405
398 393
398 401
415 396
405 397
401 401
401 401
384 405
394 403
398 393
400 392
400 392
411 391
407 385
401 425
398 396
391 419
393 400
395 395
400 395
400 395
400 396
409 398
407 406
394 398
392 415
387 407
382 393
418 396
396 376
414 385
388 418
387 395
411 428
394 399
423 394
411 387
384 389
400 391
378 383
392 424
415 399
403 413
422 409
414 384
383 406
386 385
379 399
388 394
410 397
415 405
411 400
406 409
391 406
395 397
393 395
393 366
390 369
395 377
402 374
392 425
421 391
400 410
409 395
411 394
387 403
402 400
382 406
393 404
405 401
401 393
416 402
411 385
395 407
393 396
393 396
390 404
391 388
403 391
408 389
411 387
387 424
404 399
382 420
391 409
397 379
394 405
420 383
402 398
409 409
412 404
386 404
400 402
391 384
393 392
396 400
402 391
408 424
407 401
407 403
400 409
393 383
392 403
386 389
392 393
405 399
395 391
421 417
405 399
395 409
407 409
384 387
399 402
386 381
389 391
414 407
393 371
423 408
405 401
397 380
412 425
389 393
404 389
388 421
397 406
405 402
401 402
410 375
406 391
396 411
392 395
392 423
393 409
392 387
403 401
410 370
402 385
407 412
404 380
388 415
388 415
394 385
389 379
392 424
413 393
401 418
416 404
411 401
388 399
399 395
394 390
394 392
406 410
402 397
412 416
390 407
405 389
393 399
390 379
407 388
389 412
408 377
393 410
396 383
386 377
388 424
414 392
396 413
421 403
402 401
390 399
405 396
388 391
405 392
393 407
401 397
397 415
399 407
402 392
401 400
403 379
401 387
396 409
394 371
393 407
396 380
408 375
407 424
399 393
396 413
385 402
391 400
418 398
408 397
409 398
404 396
384 406
396 402
394 401
397 402
402 391
399 393
414 391
410 392
410 392
399 421
396 380
390 405
393 376
403 376
403 426
410 404
392 419
409 410
390 376
396 402
388 384
390 395
406 407
395 400
421 411
400 401
409 402
408 407
387 393
409 399
381 383
395 388
402 413
389 378
419 413
390 391
405 378
397 424
396 395
413 410
406 403
401 399
400 396
382 394
386 386
393 388
386 400
418 389
399 426
419 402
405 407
402 411
395 382
393 404
393 386
395 396
420 405
410 397
408 417
405 403
384 398
394 405
381 384
384 396
401 391
387 392
421 415
404 372
399 400
411 371
385 369
393 423
388 402
388 402
392 422
401 403
409 396
411 393
408 396
403 390
397 391
397 393
387 383
409 424
393 386
409 406
389 402
394 393
396 411
389 404
419 396
404 402
402 391
405 396
379 391
393 395
392 406
396 397
419 416
409 407
405 393
402 401
384 379
393 386
400 399
400 388
408 425
389 399
407 408
387 409
402 381
391 405
392 382
398 393
392 399
416 392
408 417
400 400
402 412
389 410
393 385
391 399
396 373
402 385
396 412
422 380
402 416
411 390
413 379
386 425
399 395
389 413
393 403
402 399
406 397
407 395
389 386
389 386
408 387
386 399
399 385
395 425
397 389
410 403
408 404
397 395
395 411
381 403
387 397
420 403
403 387
413 395
410 402
386 397
395 411
398 407
392 395
409 399
396 392
408 396
391 399
401 401
400 407
402 401
403 407
403 405
402 395
401 400
399 393
397 396
391 407
393 401
412 407
398 405
418 393
411 396
388 386
396 389
390 414
394 397
402 420
407 410
409 383
391 400
410 379
386 389
397 418
390 382
394 414
409 384
400 375
412 424
406 403
394 417
404 410
392 403
395 395
392 391
393 398
399 387
398 406
414 398
414 398
408 407
397 394
396 403
382 395
388 396
417 391
399 393
419 406
408 399
384 409
400 406
380 391
394 396
415 381
410 385
409 412
401 379
388 414
393 384
409 379
390 425
408 393
382 416
394 397
399 394
394 396
420 396
407 415
404 403
409 407
383 406
394 385
391 394
394 380
414 382
408 420
408 394
405 426
390 387
396 383
391 381
391 375
394 423
387 402
415 422
395 406
417 400
404 396
405 396
396 378
393 378
390 376
392 371
417 423
408 401
407 419
404 405
386 398
393 399
400 382
396 405
406 382
393 403
393 403
410 400
392 400
400 397
394 398
391 393
390 393
396 395
405 393
400 416
420 368
409 392
388 363
394 359
376 418
388 416
423 405
409 419
416 389
410 389
388 402
392 405
404 401
387 399
408 396
390 396
393 394
393 394
392 402
416 400
410 406
404 405
401 397
390 396
393 395
407 395
392 388
409 391
382 396
396 386
402 425
394 400
419 407
411 411
395 381
396 404
387 384
392 393
404 400
407 394
408 417
393 401
411 402
389 408
400 384
393 398
393 385
391 389
394 414
404 368
393 401
420 374
398 366
408 423
403 398
403 398
398 414
406 407
392 403
408 396
391 395
403 366
393 367
394 373
392 367
397 424
416 391
410 412
411 396
402 396
390 401
396 400
403 407
399 405
408 398
394 397
409 384
390 387
396 403
391 382
392 417
398 380
402 393
411 426
405 395
408 425
408 399
396 395
393 397
404 396
386 381
409 380
389 379
398 370
398 422
397 407
414 420
408 409
399 404
398 394
391 386
392 404
404 382
396 406
411 398
391 400
404 388
396 392
387 399
399 395
399 417
405 406
406 399
415 403
389 381
399 392
398 404
389 393
410 421
410 421
395 405
408 396
395 407
401 380
396 396
395 396
399 395
398 415
406 405
400 401
415 401
389 379
399 391
391 407
392 395
403 422
404 408
407 390
395 402
411 374
388 388
397 410
393 396
394 420
396 408
402 387
403 401
402 379
407 390
400 413
391 374
393 406
399 377
393 370
421 422
403 414
407 418
408 413
389 406
405 389
391 390
398 402
388 383
390 407
417 399
393 404
423 396
387 400
383 396
389 395
382 395
417 395
399 410
417 401
408 411
407 406
399 391
398 398
399 382
390 389
407 411
397 376
410 413
395 390
395 390
403 357
391 404
392 396
389 375
394 420
417 387
403 382
415 425
409 390
382 414
397 397
386 395
391 401
409 400
402 399
413 401
409 396
391 396
395 395
391 394
391 404
399 402
402 405
394 403
392 399
394 393
387 401
414 383
388 405
410 395
405 406
398 395
407 401
405 390
392 392
396 401
391 393
392 414
403 403
399 399
417 406
409 389
399 400
399 397
383 398
392 405
400 404
403 402
413 401
409 396
399 396
399 392
395 394
392 402
412 395
391 418
405 407
385 397
394 401
401 376
401 387
410 408
407 363
407 363
398 401
398 378
392 372
393 426
396 400
402 406
414 408
407 387
408 407
398 392
383 403
392 391
396 396
400 393
415 395
408 412
402 399
402 413
387 406
392 390
395 400
399 392
409 395
403 383
402 385
400 384
386 378
393 424
402 391
394 413
420 398
404 397
403 402
410 401
378 407
394 405
396 394
386 392
419 382
385 384
398 419
393 397
384 429
421 399
401 394
419 385
401 385
395 390
394 382
393 424
401 396
400 412
401 385
402 382
390 382
389 374
397 422
376 405
405 420
416 406
423 399
434 394
404 396
391 404
391 404
384 386
390 406
407 390
403 405
412 398
390 402
397 396
390 394
392 389
390 390
392 407
402 391
383 417
416 398
407 398
409 407
407 394
401 408
387 393
393 402
396 387
395 391
419 402
406 353
403 390
400 379
378 358
395 416
409 392
404 382
412 425
407 388
388 403
393 397
389 395
395 405
406 404
410 400
398 399
391 382
387 383
385 397
419 383
394 422
409 397
393 413
387 396
415 395
391 394
414 397
404 412
394 400
418 413
406 407
398 391
405 401
380 386
393 390
408 402
397 391
419 426
410 400
394 407
394 407
404 410
391 381
394 404
406 388
394 397
413 394
387 396
397 400
386 398
387 408
406 405
396 395
421 395
405 388
397 387
407 419
381 392
396 420
396 392
392 391
416 403
396 402
412 409
406 406
389 398
410 398
382 393
396 395
397 396
389 399
421 401
394 397
409 410
400 406
395 396
409 396
391 378
407 386
383 413
396 375
401 409
396 375
414 373
409 425
399 401
401 424
391 403
391 395
393 397
403 393
411 375
410 377
408 374
397 367
390 422
392 406
394 417
398 407
385 400
387 394
412 386
383 405
417 384
404 406
404 406
397 396
408 399
406 390
392 393
395 400
395 398
394 411
390 406
394 397
406 396
395 374
419 378
409 397
392 356
404 401
387 388
398 359
402 412
402 388
409 353
405 402
393 397
394 388
398 434
389 403
422 385
389 406
401 378
389 403
385 395
419 397
399 384
423 387
401 397
395 383
389 425
392 399
413 402
403 410
415 383
410 407
385 389
396 396
387 393
393 395
414 407
406 399
411 413
406 408
389 392
397 394
390 371
392 378
399 407
398 375
418 413
408 387
401 374
402 422
389 403
397 414
401 405
402 399
401 394
401 394
397 395
404 368
393 367
410 362
386 360
397 421
379 406
383 423
410 403
389 395
421 390
395 390
399 405
400 388
399 407
401 392
401 404
399 396
400 399
400 398
401 397
407 400
405 400
396 404
395 404
390 399
392 397
419 397
408 395
406 389
402 392
383 397
394 388
392 423
396 404
400 397
396 407
418 377
408 396
399 401
402 396
384 413
391 407
392 395
398 396
414 370
408 379
398 403
393 369
376 411
386 385
419 379
409 426
411 394
408 412
385 404
396 400
394 399
397 398
408 396
404 397
407 410
404 404
404 404
389 405
393 404
394 389
390 393
420 389
403 393
408 417
411 373
380 401
391 364
382 362
384 419
417 419
403 413
426 424
402 395
399 390
393 383
391 382
385 373
383 370
412 423
397 406
425 425
410 409
406 402
398 399
397 384
404 406
384 377
406 399
379 396
391 398
413 407
397 404
421 404
410 402
384 387
400 390
383 390
393 388
400 422
400 404
416 405
408 407
399 379
399 399
389 396
394 398
403 406
404 405
409 403
392 400
410 380
386 379
396 382
394 378
394 423
391 395
396 420
408 403
394 398
419 397
419 397
401 395
398 386
410 387
389 394
403 382
394 423
394 394
407 412
392 404
411 401
388 394
400 395
392 394
392 395
406 410
397 402
414 406
409 405
386 389
391 394
377 389
376 391
415 415
412 370
423 399
405 372
399 366
379 423
383 403
394 418
369 404
390 397
391 395
401 389
432 406
426 393
429 405
411 406
379 408
391 391
369 400
393 392
418 394
406 384
408 387
405 392
380 355
394 400
394 392
395 377
419 425
407 390
405 392
402 412
382 406
393 402
392 397
397 369
413 375
404 387
409 377
406 425
384 397
395 413
395 413
396 401
390 396
420 397
392 395
408 383
386 383
387 381
415 376
396 424
425 400
407 422
391 405
412 399
383 400
397 389
388 406
390 381
414 405
406 392
410 399
406 400
389 400
392 399
402 396
391 388
412 390
385 407
396 369
390 403
388 380
420 375
405 424
404 401
409 415
386 403
401 396
399 392
399 394
400 395
400 399
400 406
398 397
401 415
401 407
404 392
404 399
395 376
395 385
391 402
395 350
410 389
406 366
405 334
400 399
390 394
394 380
396 431
402 404
407 380
406 407
403 377
398 400
393 396
393 396
391 398
394 404
392 402
419 400
398 398
420 388
396 391
391 397
389 396
393 411
410 406
403 399
413 400
408 382
389 387
396 400
394 389
393 422
405 405
404 396
410 407
390 375
404 390
382 398
395 384
397 423
398 395
416 411
406 408
405 404
402 397
385 394
391 382
388 384
397 408
415 378
405 417
412 405
405 373
380 414
393 390
395 345
390 392
416 376
388 350
407 410
405 394
400 366
419 415
411 396
389 368
397 414
381 405
387 380
419 421
393 389
411 383
387 424
385 400
412 411
393 412
419 378
401 398
401 391
401 391
397 394
392 387
387 390
390 385
416 381
408 425
412 398
408 423
384 402
396 396
396 397
397 394
415 371
409 373
403 376
399 368
393 424
392 395
410 411
392 379
408 374
388 373
395 375
390 426
392 404
406 417
398 413
416 369
410 386
393 383
396 389
392 401
386 410
401 396
406 395
400 396
406 396
409 408
392 403
410 404
389 402
399 397
390 393
392 402
406 387
399 406
415 397
408 406
396 398
400 406
385 396
392 398
413 389
402 392
418 413
412 373
388 407
399 380
392 374
393 424
404 393
402 412
407 403
407 403
392 401
408 397
390 394
400 387
395 389
393 410
385 395
388 422
410 408
383 391
418 406
406 380
399 395
412 407
408 397
388 417
395 407
388 392
389 400
419 375
402 385
414 406
412 391
383 425
393 407
388 386
391 400
396 370
406 387
407 417
403 392
407 427
405 392
393 391
393 401
392 399
393 403
397 402
402 395
403 396
403 390
401 392
396 409
387 399
389 409
412 406
397 390
422 401
410 394
388 396
402 406
388 402
392 402
403 399
397 387
411 392
384 403
398 393
387 420
389 406
416 394
397 402
415 377
403 391
403 391
389 412
408 398
386 418
401 409
397 386
399 400
409 377
405 387
398 413
396 379
385 414
389 386
418 377
395 425
419 404
399 417
399 410
402 404
399 398
403 389
395 401
411 384
391 405
404 402
389 407
394 394
392 400
398 397
406 395
403 380
409 380
403 379
391 374
393 423
390 396
394 418
422 406
394 404
415 395
388 393
390 385
411 386
404 415
417 387
411 422
392 397
400 390
396 420
392 405
408 397
395 403
410 374
390 388
397 402
398 342
390 379
413 358
391 354
404 425
386 391
392 407
400 399
395 398
395 398
422 399
406 399
401 400
405 400
380 397
391 396
392 395
390 396
418 404
397 401
417 410
398 407
388 401
399 392
395 397
405 383
395 406
408 396
382 406
394 392
392 399
389 391
419 393
398 407
414 395
404 417
389 402
410 393
390 405
401 386
392 400
393 399
396 400
400 403
415 402
410 399
404 400
396 397
392 397
393 397
408 396
398 403
409 401
386 406
400 405
396 393
395 394
416 391
405 390
402 422
406 392
380 418
391 392
404 391
391 402
420 404
388 410
398 405
404 402
390 401
420 394
396 396
404 388
394 388
394 388
395 393
394 383
396 424
418 392
403 412
411 406
409 402
386 402
398 400
389 388
393 390
411 401
404 389
411 424
407 397
389 410
398 405
393 388
392 408
395 388
395 406
417 393
383 400
405 399
391 400
381 399
420 399
402 396
419 397
403 407
393 401
390 406
392 405
400 391
402 396
416 390
408 392
400 421
400 404
392 409
392 406
405 375
398 393
411 394
383 388
396 424
390 400
385 410
418 412
395 381
413 403
400 387
399 394
397 411
398 401
406 410
403 406
407 391
404 401
389 388
394 390
393 404
395 391
395 391
418 417
408 399
404 406
400 409
382 387
392 402
395 376
400 390
409 412
404 381
404 417
403 393
392 384
394 425
383 394
388 409
409 395
397 394
420 402
410 395
387 418
398 405
395 396
396 403
411 383
395 396
407 410
384 400
394 411
385 407
388 391
416 395
392 372
421 378
394 402
395 372
400 416
400 392
402 351
399 398
398 393
399 382
407 432
407 402
405 387
401 407
385 380
385 405
395 390
384 396
418 395
401 396
416 406
407 402
401 408
397 406
392 402
404 386
388 400
411 379
384 404
395 402
391 403
389 393
389 393
419 394
404 391
411 392
411 420
387 405
396 406
396 403
395 369
405 385
398 392
413 375
388 418
398 402
392 408
393 415
397 408
405 394
405 391
404 396
399 387
394 404
392 404
394 407
398 391
401 404
410 393
405 397
407 404
404 400
389 409
395 407
393 395
397 398
416 393
408 396
405 404
398 403
383 406
393 403
401 396
402 397
413 389
408 392
399 414
399 399
392 410
392 407
401 386
401 400
403 386
401 390
411 416
391 399
403 416
385 411
393 381
396 396
401 389
411 394
408 403
401 406
396 406
388 404
388 404
393 398
402 397
405 396
407 395
403 385
393 387
391 389
384 380
386 424
417 392
399 412
427 397
402 397
398 398
394 399
393 404
389 403
395 397
406 395
400 390
413 391
408 417
391 395
397 422
392 403
390 388
420 410
403 388
412 405
413 399
381 401
397 398
382 397
387 396
418 396
404 404
415 400
411 407
384 405
392 393
390 395
393 394
392 395
403 394
406 397
398 401
412 390
408 424
395 403
398 402
391 411
392 377
394 396
401 384
405 387
404 424
408 398
404 425
390 405
395 388
402 408
398 385
412 404
407 387
407 387
392 396
392 403
388 401
392 407
404 404
406 397
408 397
405 380
395 381
394 387
394 379
395 423
392 395
399 415
410 407
397 403
417 399
402 398
395 389
407 393
393 405
403 396
391 417
393 407
396 392
397 400
417 376
409 387
403 418
400 390
386 425
394 390
396 390
400 411
399 403
394 407
421 404
402 388
408 396
411 396
383 396
396 413
389 407
395 399
404 395
410 369
399 378
393 403
390 370
387 412
421 392
395 361
414 407
388 405
388 402
416 442
395 413
425 379
401 390
397 362
397 386
394 417
401 399
401 399
394 430
405 403
403 389
411 403
393 381
404 407
389 392
396 399
404 392
403 395
409 410
390 402
408 408
387 405
398 396
391 390
393 402
399 380
400 406
412 398
407 403
400 400
397 401
389 398
392 398
399 398
399 399
419 405
407 403
403 404
403 403
382 398
395 395
398 375
402 376
408 382
404 372
398 424
395 401
393 415
395 404
397 396
398 398
387 383
388 408
414 384
390 404
421 398
392 400
390 396
393 397
393 396
419 396
405 402
406 399
407 405
379 404
390 395
388 395
385 392
416 394
402 402
423 403
401 414
401 414
396 405
396 400
395 399
403 390
404 398
407 394
395 398
411 407
392 393
407 426
390 405
395 396
402 408
398 377
410 396
406 394
395 394
394 417
389 406
393 401
401 400
404 374
408 388
405 411
397 371
396 409
386 389
390 354
416 405
399 396
426 379
406 427
388 398
407 397
385 408
403 405
406 400
407 396
400 373
398 374
393 381
393 373
403 424
403 398
406 414
395 407
411 401
383 400
400 392
395 405
397 379
408 406
406 388
397 396
394 396
395 397
393 404
402 404
400 399
406 397
392 395
409 394
392 387
392 387
403 391
392 404
391 388
397 426
391 403
418 397
403 411
401 380
408 401
382 386
397 391
394 413
397 399
407 413
404 408
408 388
406 404
394 393
396 397
389 399
390 399
412 406
401 404
418 400
410 399
391 392
397 395
397 400
387 400
412 407
393 404
401 396
389 396
386 394
395 394
386 389
415 391
397 397
414 384
402 425
400 396
399 412
398 405
394 401
394 402
401 395
395 403
416 386
409 408
396 394
403 406
386 400
394 405
414 399
405 401
409 395
406 397
384 405
395 402
402 405
395 404
418 393
409 396
396 396
396 396
398 394
383 414
392 403
402 405
403 406
412 388
408 398
399 393
399 395
394 410
397 402
403 408
404 406
410 390
391 397
408 386
383 389
391 409
383 368
384 402
418 374
406 368
431 422
403 414
394 415
396 413
385 407
410 388
391 387
401 402
385 378
391 404
412 398
401 401
419 400
413 400
386 402
391 401
386 397
390 396
397 394
404 395
417 403
402 400
408 407
411 405
384 398
392 400
385 389
383 390
418 399
400 388
424 421
399 388
393 408
393 390
391 384
404 424
398 395
417 416
410 386
392 384
396 388
396 381
375 381
385 424
420 396
397 414
420 404
390 389
387 410
400 385
391 403
417 386
400 394
402 408
407 400
385 409
404 406
393 387
399 395
405 391
403 386
404 421
402 401
398 425
400 403
399 392
401 399
391 387
392 408
406 396
393 409
422 391
408 400
394 393
406 395
382 409
394 400
402 409
394 406
418 393
400 401
406 392
410 394
377 397
394 397
384 412
381 404
418 403
396 403
416 391
393 397
393 385
402 386
393 394
415 382
411 425
397 395
399 412
395 406
392 402
406 394
403 393
412 393
385 389
397 418
382 401
382 401
386 408
418 411
394 384
417 401
397 382
398 388
402 417
398 383
398 419
398 391
403 382
400 425
395 390
395 411
402 395
398 395
416 407
410 399
395 411
402 405
391 394
395 399
391 384
392 389
400 407
387 394
418 424
399 406
412 393
401 407
398 379
393 395
392 395
394 394
397 412
406 405
404 402
406 400
403 378
395 386
395 398
399 344
393 385
406 372
401 352
414 417
395 401
404 372
391 414
394 390
406 362
392 406
410 400
390 387
404 429
402 392
402 392
404 408
404 402
401 405
399 402
387 388
389 395
389 395
413 396
395 395
424 417
408 406
387 402
409 402
379 375
395 386
400 396
390 363
418 405
407 400
399 391
409 432
384 393
395 391
398 394
393 394
419 412
403 400
407 412
409 407
382 386
396 395
386 379
390 385
415 420
402 397
419 429
415 398
392 393
394 383
398 382
381 386
409 378
389 424
393 400
397 418
390 404
418 397
405 398
402 393
408 405
388 386
396 407
403 390
393 403
413 396
384 400
395 398
384 400
388 397
419 398
405 398
410 397
409 405
389 401
393 400
406 398
384 386
404 390
382 409
390 395
413 419
413 419
396 407
425 391
413 405
383 383
396 394
383 395
393 396
398 415
404 406
404 403
398 401
413 378
410 388
397 404
396 365
390 403
389 383
400 377
406 425
403 391
404 406
411 406
387 401
403 403
383 401
394 386
400 388
401 393
411 382
405 422
396 400
395 414
391 411
393 405
420 396
402 397
413 375
412 376
387 391
399 364
398 412
387 410
409 399
402 435
409 404
401 390
399 403
390 381
388 407
387 391
394 399
419 391
396 394
415 407
389 399
389 409
407 407
400 391
416 397
411 383
391 386
394 413
390 365
390 365
392 401
402 372
409 362
408 423
390 407
410 417
392 407
404 400
392 388
393 396
399 378
393 380
418 383
409 373
396 423
399 397
385 415
394 404
394 398
395 399
391 388
387 406
416 382
395 407
419 394
400 399
399 393
394 394
393 399
395 398
395 410
416 406
409 399
405 399
402 387
389 392
390 402
400 398
396 412
401 406
404 393
405 395
395 379
409 386
379 420
396 393
404 427
394 385
421 385
411 415
395 395
399 424
378 409
390 383
413 400
402 375
421 390
413 422
387 400
400 422
392 413
391 374
409 393
396 382
396 382
408 392
380 411
394 411
409 406
394 402
423 390
414 398
388 398
399 399
389 406
394 403
405 399
406 398
409 390
389 393
406 411
386 400
398 412
396 408
398 388
406 393
404 372
397 378
393 405
387 375
388 417
420 395
399 365
418 407
391 408
392 421
410 452
400 427
422 398
413 370
386 365
387 353
382 381
389 413
400 400
413 435
407 409
402 381
402 399
401 368
392 395
394 403
397 398
398 410
406 405
398 389
413 394
389 386
400 387
388 420
394 386
398 414
403 387
405 380
403 425
397 389
394 414
392 403
392 403
386 398
414 406
395 404
417 394
404 396
404 393
398 394
396 399
394 400
393 401
399 401
401 400
395 400
393 396
393 396
387 396
415 398
395 407
418 406
406 405
404 400
394 394
394 395
397 393
389 396
421 405
405 397
403 418
411 409
384 396
398 396
388 363
390 371
405 384
395 377
419 424
402 400
406 411
414 409
391 405
404 398
393 391
392 399
406 385
394 407
409 396
390 405
402 390
393 399
394 395
394 396
396 400
410 400
404 403
409 400
406 398
387 398
392 396
388 399
394 402
414 402
408 404
411 403
405 397
405 397
384 396
388 394
380 395
377 400
413 400
416 407
428 403
415 409
404 406
380 397
393 397
384 379
394 385
415 401
406 360
414 402
408 391
386 373
398 424
389 395
388 390
406 418
392 404
418 398
396 402
404 375
391 386
390 393
395 384
392 424
420 391
399 411
416 404
407 401
386 402
409 400
388 391
400 393
395 402
396 395
405 419
400 405
414 398
404 404
388 384
392 397
385 400
385 401
417 404
395 402
415 398
400 396
399 382
397 384
392 392
392 384
393 425
399 395
399 413
418 389
407 387
398 392
399 381
399 381
375 424
388 395
417 414
397 404
423 401
387 398
387 399
399 394
389 395
419 399
392 396
405 414
405 405
399 403
419 404
412 386
397 395
399 398
395 397
385 410
410 405
395 397
403 398
394 382
397 388
399 413
401 376
408 412
407 386
399 351
397 400
396 398
395 402
394 444
400 415
405 379
398 386
413 356
406 380
393 415
399 423
395 442
397 412
403 383
402 380
404 378
391 399
409 411
388 406
403 394
394 404
396 398
389 387
390 406
415 383
395 406
424 397
408 399
386 393
405 395
374 399
391 398
413 410
391 405
391 405
424 403
394 403
391 385
393 387
395 387
395 384
398 424
407 391
400 416
411 397
408 396
393 405
395 401
383 405
388 402
415 395
400 395
422 385
406 390
383 407
404 393
387 426
401 408
404 389
403 403
400 375
397 390
393 417
394 381
400 413
399 386
408 378
406 424
399 394
396 417
392 405
394 401
398 402
405 394
410 401
410 392
400 407
389 395
389 409
390 387
398 399
411 393
403 395
402 398
399 400
393 404
391 403
393 403
410 401
402 391
414 392
411 398
392 393
392 418
389 394
392 399
397 395
408 397
408 375
406 375
404 393
401 378
399 367
389 423
392 402
407 414
396 412
422 405
409 396
395 396
403 397
387 386
390 406
399 391
402 405
404 392
405 402
413 402
390 402
403 402
387 400
392 397
389 395
395 384
406 387
399 397
417 385
409 425
385 389
394 406
384 404
386 398
422 407
391 405
409 397
384 400
383 397
416 394
394 377
426 380
402 389
398 353
395 405
393 398
393 380
396 426
420 388
408 389
406 414
400 404
373 404
385 400
410 372
394 383
424 392
398 382
395 424
392 390
394 407
398 400
399 397
419 405
403 404
403 404
406 402
406 401
380 400
396 394
395 403
398 387
411 409
407 390
400 405
396 390
393 395
391 394
401 394
401 407
408 401
391 406
408 405
389 391
401 398
396 397
398 397
409 415
401 405
413 406
409 405
396 388
398 398
390 396
393 396
397 414
403 405
415 404
410 403
405 384
396 394
391 400
393 396
407 415
401 405
412 398
381 403
394 384
386 393
386 395
418 395
402 417
412 404
412 404
382 404
397 381
383 393
387 392
415 393
405 422
412 404
410 411
383 409
393 375
386 390
388 387
417 391
405 411
412 407
412 407
410 408
387 405
394 389
399 394
388 384
410 387
392 419
404 400
392 421
396 413
401 381
400 398
410 385
407 394
394 412
394 407
390 406
386 402
419 383
392 390
409 392
390 386
391 424
410 397
398 417
416 405
408 389
388 408
398 386
383 404
392 386
401 395
402 397
410 395
407 413
399 403
395 402
389 403
391 384
396 393
404 394
409 393
407 420
401 406
394 403
389 403
392 372
402 386
407 397
409 386
405 425
397 390
395 407
391 404
395 399
411 407
403 405
415 399
410 403
395 396
401 398
395 402
395 400
391 408
391 408
397 405
409 399
399 401
419 392
410 395
386 402
396 397
383 411
386 404
421 398
397 404
416 390
390 396
389 394
401 395
393 407
422 401
405 410
401 406
408 394
382 398
393 383
385 389
392 405
416 393
405 428
420 403
412 403
384 411
396 381
380 401
380 390
410 395
387 389
419 394
407 410
404 371
409 409
400 386
394 349
392 398
396 387
397 368
398 420
401 397
394 387
398 424
401 404
400 397
413 408
408 371
400 387
396 385
399 382
383 425
409 394
381 418
391 398
402 395
391 396
420 397
407 407
394 402
394 402
407 402
384 400
395 386
393 390
388 396
403 391
391 422
413 405
394 402
408 407
399 378
400 395
408 396
406 393
402 421
397 404
390 403
393 405
396 374
403 393
412 403
409 366
401 403
395 386
394 383
393 427
404 403
405 394
411 410
388 382
404 403
387 396
399 399
408 406
407 402
404 406
399 404
384 395
389 399
415 393
393 395
424 405
393 400
390 408
395 406
397 392
412 394
409 392
395 395
393 401
385 405
387 401
421 400
405 399
412 399
414 405
387 401
397 406
403 404
386 391
411 394
385 391
395 387
400 421
400 421
388 393
420 420
387 394
400 394
400 410
390 403
420 405
396 403
407 387
385 393
381 393
386 395
373 411
406 406
416 402
421 398
433 383
408 390
385 412
399 399
379 414
402 408
393 386
395 398
411 382
400 388
407 419
405 390
386 424
395 389
388 389
389 408
415 403
396 406
417 404
388 391
388 396
404 393
394 395
420 413
401 403
406 407
410 405
387 384
404 393
383 388
395 389
395 424
398 403
413 415
405 411
405 379
401 400
382 383
392 390
407 416
398 398
422 420
411 409
394 387
401 406
388 391
394 397
394 397
403 382
395 383
401 390
400 381
405 426
403 391
415 409
385 402
396 398
390 407
386 404
420 398
398 399
413 394
394 395
393 390
392 393
394 400
397 392
393 422
418 404
401 403
417 411
412 386
382 401
395 392
373 393
378 399
410 398
411 408
427 404
409 407
407 407
386 395
396 398
381 386
379 391
402 411
380 395
418 424
420 405
410 393
409 409
401 384
384 400
389 397
405 396
391 389
409 391
385 403
395 388
401 425
392 399
421 406
406 409
396 385
407 409
382 386
395 399
392 394
394 395
418 411
405 400
414 414
414 414
408 408
387 389
395 395
399 370
388 378
411 404
392 373
403 415
391 396
390 383
394 425
389 399
415 398
395 409
409 382
384 406
386 390
401 396
391 393
421 394
400 411
406 400
406 411
390 407
408 389
378 392
393 387
391 392
387 395
419 406
390 414
405 403
394 405
383 402
414 385
400 394
414 396
405 394
403 419
389 405
394 404
404 406
394 379
422 394
408 403
398 390
403 425
373 400
386 403
407 411
383 382
421 406
411 391
401 399
408 405
403 402
387 404
390 402
392 393
386 395
415 392
401 394
423 413
423 413
403 402
397 410
390 407
392 385
397 394
396 389
406 393
401 408
405 405
406 409
390 405
395 390
394 392
392 385
416 384
409 423
402 400
400 425
383 406
392 400
405 401
401 391
415 404
410 384
390 407
389 395
385 404
391 391
403 394
411 393
404 392
401 420
396 405
400 406
397 405
398 375
398 390
394 396
399 356
398 397
408 394
406 388
407 435
406 401
394 391
394 403
394 380
394 408
394 389
401 402
405 394
400 397
416 403
410 401
396 408
399 406
393 397
392 394
401 369
402 373
402 388
392 352
400 403
400 389
400 389
401 368
407 418
411 401
388 368
404 411
386 388
398 352
404 399
404 388
405 368
400 421
388 399
391 388
409 423
397 404
423 395
409 408
391 380
404 396
381 393
394 396
407 413
398 404
422 407
411 405
396 389
398 397
380 392
390 393
396 401
405 398
417 409
412 402
405 406
399 406
397 393
383 397
411 380
390 384
396 402
392 359
390 399
394 378
399 373
415 426
410 392
405 405
399 401
389 400
391 397
408 396
393 393
404 394
377 407
387 402
408 408
385 406
420 391
407 393
402 385
398 387
394 418
383 388
383 388
388 420
420 388
395 385
414 425
388 402
391 413
411 412
398 378
419 399
405 384
391 390
401 421
380 404
392 412
409 407
401 372
417 392
411 395
390 385
397 424
394 391
396 411
412 404
396 400
408 403
384 401
394 390
391 392
393 391
392 393
395 417
417 406
397 407
421 405
403 380
392 392
406 397
375 391
393 420
393 405
387 398
419 404
385 376
396 392
397 406
377 394
410 418
414 406
401 395
420 407
393 387
393 400
402 401
396 401
420 409
407 404
404 405
404 403
378 394
392 397
403 392
395 397
417 408
400 403
400 403
396 405
400 402
401 388
410 393
396 396
403 392
387 421
392 405
394 400
400 404
417 377
409 395
403 409
398 399
373 412
384 407
414 386
397 395
426 381
401 381
397 417
394 400
394 431
392 403
397 391
404 397
401 389
411 406
406 401
393 408
391 390
381 403
386 392
415 396
392 384
413 388
388 407
381 393
412 423
412 410
423 390
408 405
403 382
388 393
389 399
403 396
392 414
410 407
394 398
401 400
392 379
393 387
397 407
395 373
414 412
400 400
408 375
408 420
387 405
400 369
381 410
385 385
412 355
412 355
393 406
423 401
405 390
393 432
412 386
382 383
396 398
383 384
388 420
418 384
403 402
419 392
413 379
389 423
389 396
397 414
387 403
408 400
403 397
405 396
392 388
390 390
383 400
382 389
412 427
404 404
428 404
407 410
400 384
393 405
391 392
402 396
391 387
409 390
391 410
404 362
395 401
395 380
397 370
395 426
410 395
401 406
410 382
408 379
386 378
397 371
380 423
383 407
410 422
404 410
423 403
409 393
408 393
390 402
395 384
397 409
389 391
405 402
400 391
409 396
396 404
396 401
378 407
381 403
381 403
409 397
403 395
430 372
405 374
397 378
397 373
383 423
408 398
390 416
401 406
389 400
391 402
401 384
396 403
414 378
409 401
394 403
399 402
390 407
393 407
397 404
397 392
402 404
394 378
418 406
409 395
399 400
405 401
378 401
385 400
397 399
382 393
411 395
415 401
409 396
419 418
407 406
387 399
407 402
386 376
395 389
395 406
394 392
417 426
404 404
407 398
407 411
385 381
398 401
396 389
396 394
395 409
399 401
405 409
400 406
413 392
409 401
396 393
397 395
393 404
393 400
401 406
404 406
404 406
395 395
394 398
401 393
389 395
414 410
385 403
397 409
413 406
397 386
428 393
402 390
392 386
387 423
390 396
399 417
401 404
417 387
407 408
399 389
401 407
386 394
394 400
395 392
397 393
415 400
401 393
411 419
407 400
379 409
393 410
395 384
387 399
419 377
383 386
395 414
395 380
382 415
417 388
398 376
410 423
406 405
406 414
402 410
402 405
389 389
390 395
392 376
392 378
419 396
400 368
417 412
411 410
389 407
406 441
383 411
394 381
400 394
400 368
407 399
405 409
396 402
395 407
393 404
392 388
392 388
389 392
396 383
404 385
398 419
415 400
399 433
409 403
407 390
393 403
399 382
379 409
392 392
401 400
404 389
411 393
406 403
396 395
396 416
392 406
393 393
395 398
401 371
399 381
400 402
407 368
403 411
401 400
400 375
393 420
398 396
399 386
399 424
410 401
407 403
400 408
399 386
388 407
393 392
408 398
405 390
406 393
399 410
385 400
391 412
412 409
398 391
424 400
413 386
388 390
400 413
384 373
394 405
394 374
402 370
402 423
400 415
418 420
410 414
394 407
388 386
375 392
370 400
407 380
407 380
419 407
417 398
428 406
398 398
392 399
396 391
393 392
403 401
401 394
404 415
400 402
411 400
384 407
396 384
372 394
377 383
406 387
394 418
417 387
415 420
403 394
399 333
407 378
382 374
394 367
390 433
389 404
413 379
391 403
415 372
394 396
399 397
403 397
401 408
400 405
396 394
391 392
394 381
402 385
398 418
418 388
409 420
400 388
404 382
390 424
390 394
399 417
397 383
403 379
397 378
411 375
389 424
399 395
389 418
393 399
396 396
402 393
406 395
405 400
401 399
395 406
386 404
389 394
415 393
415 393
400 389
423 392
409 419
389 406
409 409
385 405
394 378
389 392
388 390
417 388
399 426
423 391
406 416
393 402
411 397
389 405
404 403
389 398
393 399
407 393
398 394
417 404
411 398
395 412
400 406
390 396
393 403
388 395
396 396
410 374
395 375
422 382
407 370
390 424
405 397
384 412
390 404
389 399
385 403
411 382
401 406
422 383
401 404
397 402
388 402
391 392
399 391
397 388
413 390
407 423
400 403
403 415
391 411
395 377
390 394
387 389
398 393
382 402
414 406
415 402
417 400
410 401
403 402
403 402
384 402
394 402
391 397
398 397
411 399
403 400
411 408
408 405
388 399
397 397
390 382
391 385
406 402
401 388
411 427
406 397
390 406
395 403
387 387
390 408
418 386
405 404
407 391
407 400
383 402
395 403
391 403
395 401
416 395
406 395
409 395
403 396
384 409
394 404
391 403
396 402
416 393
404 397
409 391
407 395
388 407
396 395
400 418
393 407
408 391
397 402
410 376
392 387
396 411
390 381
393 419
403 395
402 383
413 424
406 396
401 409
400 410
385 405
392 401
395 394
399 396
415 387
409 405
402 403
402 403
401 406
391 394
394 406
401 391
402 400
404 396
401 397
411 409
392 403
409 409
386 407
394 398
390 391
391 400
410 384
400 406
415 401
408 407
385 396
396 402
390 391
385 393
418 398
392 393
407 415
396 402
396 404
410 407
406 385
404 397
401 390
383 393
388 414
395 403
388 409
415 407
394 386
414 395
406 387
404 389
397 419
394 389
387 419
392 387
418 389
408 423
409 404
408 412
384 408
395 374
387 391
390 382
402 384
395 424
422 389
404 419
404 405
409 398
385 407
396 406
385 390
390 393
418 392
418 392
402 390
423 409
414 401
382 410
397 405
384 393
391 402
397 387
403 393
406 405
401 395
410 416
407 403
393 396
397 405
394 382
395 394
403 399
402 388
403 421
402 392
407 414
395 396
411 394
391 413
402 404
388 403
393 402
409 386
398 396
419 407
410 400
391 419
404 409
382 393
393 397
410 366
405 377
407 403
402 376
382 421
387 398
393 389
387 420
418 405
398 395
418 407
406 383
402 396
397 401
394 397
384 411
389 406
413 397
399 398
422 380
410 386
381 411
397 376
379 413
389 390
420 379
407 425
412 397
412 397
409 411
385 406
395 403
386 400
391 396
414 370
403 370
418 375
410 368
389 423
390 400
399 417
386 404
408 398
401 398
405 391
395 406
395 386
392 409
393 385
398 392
400 384
402 383
401 418
401 398
402 428
402 401
401 396
397 378
397 378
397 380
398 371
407 423
404 404
393 416
394 409
399 402
390 394
418 393
403 402
391 385
399 411
386 392
393 400
413 378
402 381
404 397
409 385
386 426
396 402
389 401
392 412
404 379
403 400
416 386
408 391
398 423
396 404
380 416
389 411
416 373
401 391
425 382
425 382
401 380
388 423
406 398
391 423
410 407
397 402
398 405
390 384
391 403
394 379
400 402
418 409
408 402
406 410
403 409
379 390
393 394
408 378
402 380
411 419
407 410
391 439
399 408
389 388
390 395
405 378
393 406
421 401
407 407
397 397
408 401
381 391
395 391
396 395
394 392
419 419
404 379
406 403
409 380
389 373
394 423
402 402
392 417
413 407
387 402
393 397
384 388
385 403
420 383
402 407
412 400
408 405
384 394
403 396
389 392
393 394
396 410
394 402