4 0
15 11
36 42
76 87
92 135
99 173
102 218
97 250
145 294
198 326
243 346
292 379
330 370
349 398
390 411
403 385
398 383
423 371
425 360
431 389
420 437
403 439
390 449
381 426
400 409
423 439
440 422
458 431
455 452
427 405
424 410
438 437
431 421
453 442
461 449
435 442
467 444
460 446
439 471
468 441
443 456
449 433
466 413
458 451
466 420
478 462
460 463
469 463
459 443
459 443
459 427
460 443
459 439
450 442
450 450
447 440
447 449
457 463
454 473
449 452
449 450
451 448
451 446
456 459
457 460
454 456
456 455
463 457
463 457
471 462
469 464
476 447
468 448
486 449
458 449
475 460
474 458
461 449
492 446
457 454
470 456
461 464
460 467
468 449
464 449
472 451
466 450
492 463
469 460
483 450
465 448
460 452
482 454
457 461
483 463
464 458
463 458
488 460
462 460
481 458
465 458
457 460
484 460
474 445
476 446
490 447
475 448
470 457
490 456
475 454
469 452
487 460
477 459
477 459
461 460
479 462
481 453
463 455
491 461
482 463
463 467
490 466
474 464
469 463
491 462
477 462
452 463
471 463
462 464
457 465
496 463
465 461
471 451
472 450
462 445
491 444
465 443
478 444
493 448
460 450
486 459
469 460
464 459
491 458
468 457
488 456
466 455
467 456
486 457
460 456
487 454
468 454
463 445
489 446
465 448
475 448
486 454
478 455
466 458
481 458
468 463
459 462
494 466
469 466
470 469
489 466
479 477
479 464
494 488
479 456
472 466
496 487
476 455
470 483
491 453
487 454
476 471
476 471
494 467
454 491
456 453
468 467
453 483
491 468
473 495
474 484
488 455
481 481
469 491
485 462
477 471
448 449
472 450
471 469
464 480
478 475
487 460
484 493
468 474
490 484
469 493
460 461
493 471
473 491
472 482
483 491
482 493
475 455
493 462
486 487
466 480
489 499
468 491
462 442
485 456
483 474
482 460
496 498
467 477
469 458
490 491
458 472
483 485
478 491
457 454
492 465
476 482
466 494
491 482
488 482
472 454
490 455
463 479
457 477
489 495
467 459
475 465
487 484
484 493
482 479
497 484
476 453
476 453
462 455
491 475
488 477
482 486
495 456
469 482
462 493
488 466
487 479
485 452
495 453
467 480
461 475
488 493
470 454
477 464
491 487
489 475
476 495
491 496
453 455
455 466
462 486
457 479
491 495
460 494
483 452
488 458
456 482
486 491
472 503
454 483
487 472
485 460
468 461
487 487
448 464
449 461
473 492
454 493
493 497
478 486
467 472
490 468
487 439
472 461
492 435
462 434
457 491
489 459
465 487
482 456
491 453
479 470
482 461
492 492
486 458
470 466
491 485
463 495
461 481
491 479
467 454
486 454
486 454
493 473
472 481
481 486
488 455
482 480
472 492
489 476
486 498
468 467
496 461
466 481
468 464
490 489
465 452
490 457
470 484
455 464
487 497
485 477
479 457
494 490
467 477
460 483
489 495
485 460
482 466
495 490
479 492
442 495
470 489
467 465
449 470
492 478
470 477
457 494
492 469
482 463
478 479
494 486
485 496
465 503
488 487
469 461
456 478
490 484
489 475
474 485
494 445
467 451
459 486
490 474
468 496
480 494
493 456
484 465
487 483
498 494
472 481
466 478
489 454
489 453
481 470
496 478
496 478
469 490
458 454
490 475
481 489
480 479
493 497
490 494
469 452
495 458
479 481
461 493
495 473
491 458
472 441
489 443
460 463
450 483
488 462
486 455
479 491
492 444
466 465
457 441
491 445
486 490
476 480
490 488
480 463
464 475
495 483
470 485
465 490
489 458
489 473
484 493
497 469
475 487
460 457
491 457
488 473
482 470
497 492
467 458
464 467
489 482
467 492
479 489
490 497
487 461
479 460
492 471
466 467
455 493
489 457
483 465
473 480
489 491
481 493
464 502
497 466
478 458
465 490
492 446
490 470
490 470
470 442
490 442
473 492
456 447
494 458
487 441
476 446
495 473
480 486
460 490
486 452
485 474
470 488
496 478
470 501
462 486
490 459
472 485
476 489
485 488
485 489
480 462
496 473
493 492
459 487
485 484
482 467
464 474
496 470
471 486
466 491
488 453
485 473
477 487
490 485
477 500
460 488
494 461
480 476
468 488
491 441
491 447
474 414
497 419
486 491
464 474
495 497
481 467
468 461
492 489
490 468
473 489
496 461
484 463
466 492
496 464
479 489
464 460
482 459
484 469
485 469
492 481
493 455
493 455
478 485
458 495
474 475
478 492
487 461
499 461
499 475
466 471
471 495
491 460
467 467
494 476
471 489
458 504
489 510
488 478
476 472
490 460
477 465
459 477
495 457
479 490
466 491
488 492
487 488
481 467
494 474
494 472
470 481
478 494
490 467
488 469
482 479
498 487
479 494
459 504
492 483
491 461
475 484
497 483
488 451
468 462
496 426
471 425
464 488
488 496
491 476
489 475
500 447
494 449
462 488
489 483
474 491
459 458
493 467
486 491
460 471
479 494
458 461
446 457
492 484
489 467
474 490
490 458
490 458
459 461
457 488
488 471
459 499
489 476
478 459
461 493
494 483
485 487
479 496
499 464
490 461
473 488
496 493
487 484
462 494
488 456
481 451
465 491
497 455
472 482
462 453
489 453
486 479
476 467
491 494
477 462
463 460
495 479
474 491
464 499
483 508
484 478
485 467
492 486
495 443
493 465
483 430
498 430
478 484
458 449
489 476
488 453
479 456
497 484
493 481
462 492
489 449
481 455
463 471
495 489
486 501
468 507
487 478
486 461
464 493
489 483
489 438
462 446
489 409
493 412
467 489
487 495
487 495
492 481
479 471
462 452
471 455
470 475
446 483
489 494
474 471
455 465
494 464
477 459
470 474
489 508
488 525
486 506
487 486
489 469
488 473
480 478
495 446
489 460
461 442
489 436
491 491
466 495
495 463
476 478
460 452
490 453
489 481
478 478
495 496
473 457
457 465
491 486
492 488
479 500
496 490
477 462
459 472
494 487
492 454
476 462
495 428
475 433
459 490
493 480
492 500
474 491
492 454
476 472
456 487
495 485
491 501
479 490
497 457
473 468
462 489
491 483
492 499
480 495
495 457
471 468
456 482
456 482
493 493
493 494
477 502
492 469
484 454
446 491
484 476
468 488
452 497
490 467
488 465
480 479
492 488
493 509
489 508
487 488
497 470
483 477
465 472
495 486
488 494
476 466
497 470
472 472
460 476
486 506
488 506
496 507
495 485
494 459
481 488
465 496
483 474
483 477
473 451
489 455
493 488
490 485
479 494
495 451
473 451
457 478
491 492
492 485
485 483
495 450
493 451
480 485
479 476
483 491
487 456
497 459
488 487
492 497
462 507
451 482
489 476
490 451
484 466
498 475
474 460
459 493
492 487
492 487
489 488
478 497
493 457
480 459
458 487
491 477
493 494
473 495
497 457
475 460
458 479
490 491
491 497
482 505
496 484
493 457
460 487
489 495
487 467
451 478
485 447
469 449
451 495
485 454
486 459
488 439
495 444
497 477
475 481
467 495
482 471
485 462
497 468
499 467
500 488
468 520
467 494
490 488
491 461
488 462
499 478
477 472
460 495
493 463
491 470
475 487
494 496
473 489
452 499
482 461
484 457
492 485
492 435
495 461
478 424
466 430
489 489
489 460
484 488
490 452
492 451
489 478
477 465
493 491
493 491
482 451
463 453
497 479
482 487
465 501
480 485
483 468
496 474
491 467
497 488
476 485
457 453
490 487
490 488
479 446
498 459
485 432
467 439
494 494
477 484
466 485
485 468
487 471
482 466
492 484
494 479
486 453
477 487
489 493
486 459
458 466
490 446
478 448
458 471
494 483
487 479
474 456
495 490
480 495
457 489
480 490
482 467
480 472
493 481
496 482
485 495
467 459
486 462
478 484
463 494
495 487
480 495
465 459
491 458
491 470
477 470
495 488
491 448
461 465
490 478
491 493
463 482
493 478
493 478
490 448
461 452
492 484
473 480
457 493
492 454
491 463
479 485
498 478
492 496
465 491
494 452
477 460
461 481
491 491
493 500
491 493
496 467
494 472
484 486
474 485
485 494
486 457
475 463
485 488
490 484
489 501
483 496
494 452
496 458
484 480
485 488
495 465
490 451
472 429
496 436
491 479
465 485
497 496
480 461
465 463
494 487
493 491
485 470
493 473
493 442
490 445
485 496
496 483
484 489
465 467
496 471
480 476
461 481
475 493
480 464
495 460
498 465
505 467
484 497
465 523
494 508
494 475
478 471
478 471
497 441
476 464
456 471
490 462
491 494
487 466
491 491
493 473
490 458
482 496
498 476
490 487
467 498
495 465
479 470
455 489
473 493
478 471
495 473
495 448
497 450
490 480
458 476
488 494
483 467
467 462
497 475
476 484
463 502
480 505
485 484
503 468
493 477
495 468
471 491
456 484
491 454
492 485
477 493
493 477
484 498
448 464
484 458
472 490
454 442
492 464
491 433
473 428
497 486
480 473
459 499
490 486
489 457
479 482
491 494
494 486
489 501
489 489
498 443
480 464
449 477
468 477
472 502
472 502
487 489
493 458
498 470
485 491
464 484
496 501
488 488
476 453
498 469
482 484
461 502
477 478
481 462
492 443
488 446
492 474
470 486
453 496
490 460
492 474
471 492
490 497
480 477
436 469
476 446
460 447
447 471
493 485
491 487
476 453
497 476
478 489
459 484
492 501
491 489
478 455
498 471
485 489
462 475
494 500
490 472
465 459
489 495
466 467
451 494
488 481
489 457
485 493
494 495
495 493
490 490
488 465
499 473
481 489
442 486
468 492
468 455
457 458
492 486
493 476
473 498
478 494
483 456
487 466
487 466
502 477
500 492
502 504
470 509
466 482
493 465
485 490
488 477
497 482
488 493
461 480
488 465
476 482
460 486
496 467
486 497
467 477
491 453
485 486
468 495
498 479
484 493
447 453
473 454
473 475
459 467
497 496
494 458
465 462
489 476
493 490
464 505
480 506
487 488
487 460
489 481
499 496
493 468
459 479
487 448
483 449
452 495
487 449
477 457
459 435
493 442
489 481
469 482
494 496
485 460
466 463
495 488
479 495
458 474
470 469
468 445
483 447
515 476
515 478
502 495
496 476
464 468
475 476
475 476
488 481
462 497
491 501
488 487
459 469
491 471
477 474
456 480
489 492
489 474
481 463
492 469
495 477
494 495
482 488
490 494
486 457
462 456
487 475
494 468
491 496
488 465
498 470
475 486
459 494
489 486
489 498
484 461
490 454
491 490
488 449
483 476
496 443
493 445
467 482
497 469
483 489
462 459
492 467
492 492
476 478
491 501
490 481
480 456
478 490
486 495
487 463
473 472
492 439
494 441
491 496
486 462
490 482
491 449
489 450
491 487
499 434
485 453
449 416
478 417
476 486
457 492
497 508
489 480
489 480
456 471
487 444
469 457
452 461
485 455
487 492
496 463
495 491
496 474
477 453
463 493
484 489
487 492
496 492
497 461
498 467
467 493
462 481
488 501
489 472
490 458
501 492
495 466
470 492
496 486
478 454
461 481
491 491
494 482
486 498
499 495
493 457
464 468
487 482
495 494
474 497
483 506
487 478
486 457
493 492
492 487
495 490
489 496
479 452
498 453
479 480
458 495
480 483
485 475
500 452
493 451
495 481
466 478
456 495
491 473
491 464
486 469
498 464
481 478
461 512
492 522
492 509
478 478
478 478
494 475
491 454
469 466
478 485
486 446
488 464
493 477
492 493
495 504
491 485
474 469
493 472
475 468
456 489
490 490
491 450
484 473
492 485
494 475
493 495
484 497
498 461
484 462
463 475
496 486
494 517
471 485
488 470
486 444
463 449
484 486
492 485
490 496
486 456
495 456
490 479
464 494
488 500
493 509
476 478
484 459
492 492
490 487
479 489
498 499
492 460
467 459
495 491
478 486
440 491
459 484
463 454
481 465
497 498
494 480
491 498
482 462
476 455
484 487
487 466
477 491
492 461
497 462
487 492
487 492
477 468
493 494
490 463
460 454
491 491
481 458
459 484
497 450
483 450
472 480
496 465
493 490
476 457
497 457
487 485
465 494
496 504
486 483
470 473
495 467
491 464
473 492
496 465
473 463
459 493
490 485
491 458
474 460
490 417
476 418
454 483
495 488
489 503
475 484
497 470
483 473
463 443
489 466
487 439
461 437
486 491
481 453
451 482
490 450
477 449
460 478
494 466
493 490
478 452
497 454
488 472
466 490
497 504
487 510
461 480
484 470
482 488
457 437
489 461
484 430
443 429
479 491
463 471
463 471
444 493
482 496
486 461
499 472
499 489
500 496
462 484
463 487
483 453
457 451
491 493
490 454
460 470
489 442
480 445
463 495
497 481
486 489
474 463
497 467
489 495
469 465
492 474
486 446
465 451
493 495
478 447
449 448
475 426
478 435
485 482
493 483
496 496
477 457
466 465
492 491
492 467
490 493
495 493
493 453
482 477
473 488
485 468
485 498
486 480
493 456
497 489
479 491
456 461
474 462
478 435
490 443
494 496
498 487
477 488
461 467
489 471
492 474
484 479
494 494
494 476
484 465
478 473
478 473
486 479
487 495
482 484
490 485
494 451
490 453
472 491
495 438
481 452
461 422
494 429
486 492
466 464
491 476
481 451
466 453
497 496
481 483
458 489
480 465
483 472
481 491
495 454
495 460
487 428
471 434
491 493
488 477
461 500
492 477
485 454
451 489
486 496
475 473
454 481
490 450
489 452
472 493
494 479
493 492
456 460
481 463
482 492
453 477
490 499
490 485
458 443
488 463
480 474
460 493
496 488
489 483
473 453
496 454
479 490
442 447
466 456
466 426
461 431
490 491
494 480
490 500
478 483
493 456
493 456
470 487
455 492
492 457
492 460
481 434
499 441
483 492
462 488
495 487
486 469
474 478
496 473
485 484
468 494
497 465
490 471
476 483
499 490
470 494
461 505
486 484
487 460
486 488
495 494
493 461
470 464
482 433
492 440
491 496
486 468
496 483
493 452
470 454
484 484
492 474
491 495
485 459
499 460
491 484
467 493
496 481
482 480
456 452
480 454
483 480
479 475
492 494
494 465
487 461
473 475
491 485
487 503
462 504
495 488
481 461
465 474
497 494
492 460
479 466
498 437
484 441
466 492
495 482
493 493
493 493
478 461
498 462
472 492
458 476
489 501
490 480
474 456
490 490
477 494
451 489
491 493
479 463
467 466
496 497
492 468
470 487
492 445
467 444
455 482
493 427
484 451
479 423
494 429
479 493
462 469
492 488
490 457
471 457
496 477
475 467
460 493
493 462
490 462
478 476
495 486
483 507
461 508
495 478
490 473
468 457
492 464
473 492
456 461
492 468
491 483
479 494
501 498
489 509
468 478
496 461
477 493
464 477
483 487
488 497
496 476
498 460
497 462
471 458
464 476
486 516
491 501
505 503
504 475
504 475
499 454
468 489
470 496
492 469
491 469
492 444
498 447
472 482
460 481
490 496
492 462
477 462
492 483
479 492
453 491
492 502
484 472
472 457
496 492
483 474
460 486
484 491
483 476
465 468
491 465
489 460
463 467
487 500
494 524
476 498
484 497
486 461
486 456
501 492
489 459
493 488
478 459
462 446
495 492
491 487
473 493
494 498
490 458
461 458
492 489
485 485
450 482
483 478
476 429
461 433
497 476
477 483
442 503
459 486
463 466
481 476
489 478
494 450
482 463
460 445
494 438
484 491
471 495
494 465
494 465
491 482
472 453
495 455
484 481
462 473
495 497
487 461
461 463
485 485
470 493
454 487
491 493
491 455
477 456
493 477
494 469
474 494
483 457
493 462
491 482
481 496
497 495
491 502
466 463
494 457
473 489
460 443
488 467
491 432
485 435
495 488
492 434
471 453
480 432
489 434
492 479
493 478
495 495
495 466
485 466
470 485
487 491
485 482
459 497
493 465
480 456
460 492
495 462
489 489
476 465
497 451
479 492
459 476
483 491
486 497
490 460
497 464
497 484
471 492
464 479
481 484
485 452
501 450
501 450
498 483
497 474
468 495
466 458
491 463
490 488
486 473
496 492
488 497
456 467
487 468
470 480
453 488
490 504
490 506
489 488
493 463
495 476
491 489
479 478
496 489
489 450
449 452
478 490
458 465
442 496
484 479
487 455
493 491
494 497
496 472
483 475
474 450
494 451
492 480
472 474
496 494
479 472
459 465
493 481
490 487
477 495
496 501
492 495
459 453
488 454
481 475
446 490
483 492
476 496
461 460
496 457
478 489
450 469
471 489
474 462
481 462
497 493
497 481
471 501
463 489
485 456
488 477
488 491
488 491
495 491
494 501
485 492
477 443
488 451
483 473
460 479
484 500
484 489
476 460
467 472
477 495
470 464
446 478
481 447
478 445
455 493
489 444
493 462
469 434
493 437
496 494
468 479
490 489
494 465
463 473
485 488
487 486
463 492
482 462
491 470
490 493
483 474
496 493
488 465
456 450
487 491
463 482
452 493
489 497
486 457
477 459
493 480
473 492
453 490
482 497
485 460
499 452
497 490
497 460
467 489
457 462
487 454
489 493
488 468
499 494
494 484
463 452
492 480
478 489
458 476
491 500
487 480
487 480
469 457
491 490
478 495
460 468
496 471
489 442
474 445
496 488
481 444
449 455
476 423
475 429
455 494
495 477
481 500
462 476
496 457
478 493
467 480
485 452
486 463
487 433
492 427
494 475
484 487
473 505
491 512
490 478
474 468
490 431
493 440
489 444
487 443
498 490
487 456
458 483
486 453
481 454
459 476
493 469
481 494
462 458
494 466
482 487
470 494
495 469
492 456
471 438
494 440
475 468
457 485
491 489
490 451
481 475
500 488
495 468
468 497
495 488
478 445
462 468
492 480
493 476
482 497
495 493
495 493
491 455
466 461
478 481
489 489
491 489
490 497
499 464
494 451
467 490
480 485
491 462
491 468
484 428
496 432
477 489
457 464
492 494
492 480
471 451
492 477
481 488
448 497
485 506
485 481
463 472
495 478
473 469
456 490
490 458
490 461
475 490
492 468
482 498
443 472
480 459
463 489
448 468
488 484
487 492
481 477
491 471
492 468
483 462
482 477
495 512
492 503
473 499
497 495
490 464
466 468
494 474
476 484
459 514
484 481
486 466
491 443
495 445
496 481
481 477
463 492
480 473
481 459
480 470
480 470
491 468
496 486
488 523
471 497
490 494
487 458
469 453
487 490
492 446
490 470
483 428
496 433
477 481
458 468
493 485
491 467
475 477
497 483
474 486
458 497
492 464
488 463
475 489
493 495
484 481
461 490
495 448
489 446
467 485
494 467
473 487
460 462
492 468
491 491
480 461
497 478
491 438
464 440
493 489
477 446
461 472
489 446
491 448
488 487
490 474
492 492
490 454
480 455
497 482
483 486
460 497
492 488
491 463
469 472
493 496
471 489
453 493
487 466
487 471
484 499
488 473
490 487
490 457
478 458
478 458
494 481
481 472
459 496
496 470
485 465
471 475
495 481
492 507
476 495
494 497
493 458
480 455
486 485
494 467
492 492
477 457
498 456
489 485
465 482
495 498
486 491
468 451
495 454
482 475
469 494
496 498
493 505
472 478
494 455
470 490
455 494
491 483
490 483
482 453
498 456
483 494
459 462
491 470
491 447
472 447
497 485
481 483
461 496
493 458
491 460
473 484
494 496
483 490
459 492
493 459
491 459
468 484
494 472
479 495
458 462
492 460
490 486
476 494
497 488
494 499
463 460
492 456
479 487
479 487
459 467
493 490
492 459
476 457
496 489
474 490
457 504
489 483
491 467
489 482
493 470
494 492
486 486
477 452
491 477
486 487
462 488
493 498
487 494
448 455
479 458
459 482
447 497
492 492
491 496
486 459
495 455
493 483
474 470
479 493
485 455
488 457
501 483
493 496
496 485
479 477
463 447
494 448
493 483
476 445
498 465
489 429
465 429
494 489
480 495
456 476
471 470
468 443
482 447
515 485
522 442
500 458
497 422
462 423
467 491
491 492
457 495
481 492
482 458
468 458
478 489
484 469
485 492
483 459
483 459
495 446
496 485
487 472
473 489
485 495
486 461
479 467
490 487
497 493
492 485
475 493
496 459
486 446
467 488
497 478
479 445
453 452
468 418
471 419
491 488
506 499
497 490
495 497
483 456
469 453
483 475
484 466
475 495
490 457
494 466
491 487
481 479
493 493
492 495
472 457
486 461
493 488
492 494
487 482
494 483
493 449
487 451
489 495
499 463
489 477
451 449
478 452
468 494
452 455
497 465
487 439
472 443
497 490
486 485
470 486
496 465
485 475
462 478
488 480
477 494
463 464
497 464
487 483
487 483
464 493
489 489
483 504
466 475
498 457
478 494
461 483
482 486
487 492
504 455
489 454
492 479
472 490
452 499
489 504
490 487
487 453
492 468
494 484
495 504
488 484
494 482
494 447
489 449
488 494
499 447
491 463
459 430
487 429
469 490
449 477
478 502
480 486
497 458
503 486
497 494
497 478
487 495
481 459
495 448
492 487
471 475
495 491
494 494
462 462
492 460
480 474
460 486
496 512
495 510
474 486
495 474
483 470
459 444
494 470
484 439
470 441
497 493
491 459
468 490
493 458
479 447
461 489
496 465
496 465
486 493
465 487
487 449
478 464
463 468
498 488
484 514
459 508
474 480
477 471
492 476
492 444
500 469
486 443
463 431
496 481
483 491
468 488
487 500
487 466
486 456
490 490
496 461
492 490
479 470
498 453
477 490
460 488
486 489
490 494
498 463
499 471
497 497
474 480
464 491
476 465
479 471
504 493
523 460
501 476
496 435
465 439
456 491
488 453
492 479
492 444
497 440
490 489
474 461
472 493
460 463
447 451
437 487
447 460
470 489
492 479
519 454
508 479
503 489
489 504
461 492
490 472
491 455
491 455
472 458
497 474
496 479
467 490
495 483
483 472
463 496
494 485
493 457
476 481
497 444
472 446
457 485
491 488
494 499
491 495
495 452
493 448
486 475
481 491
488 491
489 495
485 454
493 449
497 488
483 449
463 478
482 444
483 438
486 486
494 463
497 495
483 477
464 454
488 487
486 495
470 484
486 501
489 472
489 454
489 490
501 493
492 474
467 479
496 444
480 443
449 489
476 459
478 484
477 453
497 444
496 488
479 475
467 489
469 494
463 459
470 467
490 493
490 488
471 478
461 473
474 441
491 449
518 493
518 493
510 488
498 495
495 496
482 466
485 471
494 491
491 494
478 481
487 491
490 456
491 446
488 491
495 476
490 495
474 497
473 462
470 466
469 485
483 494
516 489
525 501
500 469
497 449
466 490
460 496
490 479
491 480
493 449
498 450
476 497
459 463
481 475
485 446
507 446
498 499
503 471
492 490
467 453
497 448
482 472
464 457
481 490
485 470
499 462
493 478
498 483
473 501
452 502
480 489
484 465
501 472
490 496
494 469
474 482
455 449
489 450
489 490
488 454
492 472
494 433
491 432
477 483
497 475
497 475
484 497
466 494
499 451
487 463
474 482
496 479
493 498
471 491
494 452
472 446
456 458
492 473
490 512
484 501
495 502
494 484
485 449
489 466
497 469
488 490
468 524
492 495
490 486
466 455
495 454
475 491
456 438
487 450
489 422
487 428
491 495
494 473
491 491
484 456
499 456
488 474
467 464
496 495
480 465
450 465
471 482
474 488
483 486
498 502
498 483
473 456
461 486
488 494
492 477
498 497
499 466
494 451
476 492
460 490
463 495
453 496
454 460
463 462
474 490
493 482
514 496
534 498
504 470
495 460
495 460
458 463
461 456
481 467
462 478
496 461
491 454
479 467
499 487
486 517
457 503
479 498
483 497
486 457
496 486
498 463
475 443
462 484
486 492
491 494
507 503
505 495
501 456
468 466
471 479
492 493
460 512
487 510
486 485
461 463
490 483
493 490
469 488
480 498
490 458
490 456
485 487
501 496
493 486
466 486
495 453
484 453
463 493
493 478
491 491
471 459
495 459
480 488
462 488
495 501
495 492
477 451
496 453
471 471
459 490
493 509
494 510
483 482
494 467
477 487
456 468
492 490
491 485
475 452
475 452
496 474
477 486
458 499
489 504
492 490
491 467
496 474
495 488
481 490
469 496
476 453
480 455
494 479
503 496
496 502
494 507
488 473
473 455
490 491
482 491
462 464
496 467
487 425
459 425
484 487
484 475
464 496
489 497
490 460
485 468
481 486
492 494
489 495
461 505
494 480
483 453
464 482
498 492
486 494
468 503
484 489
487 456
489 467
496 486
499 504
478 490
461 488
468 455
460 457
466 484
465 475
468 496
487 461
507 460
534 475
516 482
505 516
490 504
457 502
487 476
486 455
468 489
497 497
478 483
478 483
447 493
466 452
470 451
489 486
510 467
501 499
497 462
468 460
470 490
490 478
493 493
491 497
500 465
491 463
457 478
487 488
481 512
458 507
490 486
490 465
469 473
496 487
494 487
466 497
494 461
479 458
462 490
492 497
494 480
493 485
498 440
495 437
478 487
466 452
469 483
465 454
474 456
500 481
516 470
518 496
501 469
500 462
464 471
468 472
487 500
464 520
498 511
492 480
451 475
478 459
456 464
443 493
490 465
491 465
482 470
499 473
491 504
466 516
496 507
487 485
469 464
495 478
492 494
492 494
465 471
479 483
481 444
479 440
484 490
493 472
478 493
460 498
495 466
491 468
471 476
493 482
473 512
453 491
476 487
474 458
494 458
516 494
502 453
493 476
494 444
492 435
486 489
499 493
490 483
460 492
490 454
486 448
465 493
497 466
479 496
460 474
486 453
488 488
491 495
490 482
493 492
490 455
474 447
497 487
482 456
463 487
496 464
494 448
475 491
496 492
482 482
462 487
495 450
486 449
461 491
485 472
480 498
462 484
497 454
473 483
461 492
487 479
490 501
495 475
495 452
496 489
484 491
471 470
471 470
483 479
485 444
487 449
494 497
498 445
481 462
455 435
476 437
479 497
485 460
494 473
496 441
478 445
446 492
470 443
472 451
476 428
497 436
497 491
474 489
452 487
465 467
470 475
491 482
498 480
498 493
493 470
465 456
486 471
493 476
473 499
478 499
477 504
479 470
500 456
504 489
496 479
495 488
489 494
480 469
496 458
491 471
467 473
494 501
490 517
462 507
491 487
489 460
462 473
495 496
490 479
465 494
497 455
486 449
452 491
482 455
478 484
463 454
499 445
470 491
462 467
490 495
493 482
493 482
489 454
495 483
491 492
465 484
481 501
489 491
491 447
497 464
494 476
494 491
493 492
487 498
494 461
495 449
490 492
487 484
497 472
493 474
467 433
495 438
487 487
462 483
494 496
492 494
466 454
491 448
465 465
454 485
491 511
493 511
492 482
494 474
494 461
490 462
486 490
498 473
484 461
463 456
494 445
490 451
473 474
497 484
482 489
463 488
494 482
493 464
473 456
496 469
480 488
454 513
488 497
487 497
462 491
487 443
482 471
447 434
486 431
471 488
453 478
488 497
488 496
486 458
491 461
494 476
494 476
492 489
480 518
496 510
491 484
462 469
493 476
477 466
456 489
481 488
485 450
500 476
494 486
499 491
492 503
465 489
496 458
485 463
467 489
497 478
493 500
476 479
498 457
479 491
459 499
491 482
491 494
484 456
495 449
494 488
489 462
482 492
491 486
491 453
467 479
490 489
492 477
484 496
479 497
487 462
485 468
460 478
489 490
490 513
466 493
486 479
494 446
493 452
486 493
496 492
490 504
460 491
492 454
491 462
466 482
496 499
486 491
459 496
482 458
484 458
480 483
489 466
494 493
490 464
490 464
471 458
492 473
470 480
453 510
485 491
489 491
504 451
500 448
501 490
467 453
462 483
487 447
478 446
471 488
481 468
479 490
454 462
492 462
478 493
459 478
496 501
493 479
477 455
497 488
479 494
451 471
476 479
479 448
489 447
499 495
499 456
471 474
464 434
489 427
491 482
488 466
496 496
492 493
468 455
481 474
490 489
491 481
490 468
493 470
492 431
491 435
487 487
499 495
496 481
472 483
494 446
494 444
479 493
473 458
470 480
466 451
477 453
506 486
518 475
510 492
499 453
497 450
469 468
468 486
468 486
488 509
491 507
503 484
499 465
495 481
478 489
465 488
468 497
460 460
461 457
466 489
469 496
487 478
507 476
533 442
528 434
513 490
485 490
470 504
487 486
484 463
476 481
485 491
486 489
482 497
493 454
496 453
483 486
465 477
479 497
482 494
490 453
496 456
498 473
471 490
458 513
485 510
490 484
498 464
498 481
496 486
480 491
463 500
473 463
477 461
490 488
493 496
496 501
490 508
462 490
488 456
492 474
470 487
483 503
491 480
491 471
492 441
493 443
493 496
492 469
479 481
493 447
487 447
487 447
453 495
489 461
480 483
461 451
497 449
484 493
459 448
481 465
481 440
465 443
492 496
491 445
476 455
471 426
477 426
480 492
488 468
497 490
498 461
479 447
453 489
471 490
473 494
491 496
511 455
501 451
497 483
468 484
467 504
484 484
490 468
508 481
501 473
498 483
472 493
461 478
479 465
486 476
507 480
494 486
499 490
482 488
463 450
497 450
484 489
471 468
491 497
488 483
471 438
489 457
492 466
485 490
483 506
485 509
488 481
493 459
488 487
493 495
462 476
449 484
485 450
487 451
489 495
490 453
490 453
491 475
490 442
477 444
490 496
484 453
454 467
491 444
482 446
461 477
494 475
487 493
452 471
476 464
461 475
446 481
494 502
494 488
479 487
496 449
491 448
464 490
480 448
489 468
492 438
487 437
499 494
487 472
464 498
496 464
485 454
466 491
490 456
489 486
464 457
492 450
481 490
460 452
496 480
484 446
471 446
495 479
492 462
469 489
492 450
470 452
454 480
490 485
490 499
485 490
494 461
493 469
482 495
481 473
487 490
487 453
485 445
489 488
495 466
492 491
477 493
498 460
476 472
461 482
461 482
492 491
494 501
488 505
494 493
493 457
485 469
479 489
491 493
489 504
466 489
491 464
490 478
465 498
480 468
487 475
490 441
497 439
494 494
494 474
488 498
476 477
495 452
490 485
467 495
498 485
486 501
460 471
489 456
484 492
468 481
499 487
487 495
452 474
480 452
474 460
459 456
497 474
479 518
450 503
467 503
472 474
488 453
497 489
503 497
493 489
457 499
484 461
475 450
458 492
496 475
491 496
469 501
491 464
469 472
455 488
489 494
489 491
493 503
493 471
494 453
487 493
478 495
498 462
488 465
488 465
471 428
496 428
481 493
466 469
486 493
487 460
488 453
490 490
496 460
490 490
478 468
499 451
478 493
463 494
489 494
492 495
495 460
497 455
496 487
480 496
465 500
471 492
470 460
487 465
517 494
501 484
495 499
492 498
474 464
465 473
468 487
471 492
491 492
505 500
497 489
493 451
482 473
473 488
481 488
485 502
494 491
496 456
498 459
468 486
456 498
489 506
493 487
491 464
495 476
494 487
476 487
482 498
489 460
491 458
493 491
498 497
499 500
482 494
463 461
478 464
481 494
480 463
493 481
493 481
497 437
485 436
477 487
500 448
493 479
476 443
497 442
476 487
459 442
485 463
487 438
489 442
491 495
495 483
491 490
475 463
494 463
473 492
454 472
487 491
488 455
487 452
491 489
494 444
493 471
480 441
497 443
480 495
458 454
492 474
489 446
470 448
494 496
483 454
460 466
495 440
485 444
469 496
497 486
489 489
472 466
496 473
475 486
462 485
487 496
488 456
491 459
493 487
496 492
491 501
479 493
498 464
487 470
468 495
498 463
488 473
473 439
497 441
487 494
460 458
485 477
479 446
462 448
497 492
497 492
477 478
447 492
467 461
472 464
491 494
495 488
497 503
491 493
461 452
491 468
484 486
464 482
496 499
493 493
468 454
490 451
467 462
450 473
488 511
489 504
489 502
492 494
493 456
492 470
479 484
495 496
486 495
455 500
489 463
484 452
466 491
497 469
477 488
464 494
487 472
490 467
497 465
497 458
497 467
474 494
467 509
486 523
489 504
504 502
502 496
499 459
468 470
467 476
491 489
484 518
485 511
490 489
488 462
475 471
486 493
493 464
493 472
486 430
499 427
491 485
460 479
490 498
490 496
490 496
464 458
494 460
478 477
460 490
492 503
494 506
484 488
495 456
491 471
472 491
466 497
466 504
462 491
479 459
515 468
520 492
498 496
497 467
468 463
458 424
490 427
492 487
483 497
498 490
483 494
462 449
497 445
481 485
467 447
489 478
487 443
478 441
488 488
493 445
492 474
484 441
497 438
482 493
459 466
493 497
492 467
467 449
491 487
483 483
445 471
483 479
472 447
457 437
496 483
485 491
463 495
484 503
483 490
465 453
490 465
491 474
469 492
473 515
473 513
475 478
499 472
518 466
505 459
499 493
499 493
465 475
470 463
490 481
464 489
496 488
479 501
461 494
493 456
492 460
471 474
490 491
485 517
455 509
494 490
487 463
467 474
497 499
482 477
460 488
473 455
478 433
492 476
499 490
494 507
493 509
491 483
483 462
496 482
478 496
456 468
485 471
487 431
489 429
492 487
497 479
486 499
476 494
497 454
487 463
469 477
494 492
488 513
468 511
494 480
490 467
463 484
492 467
481 492
461 486
497 446
487 469
476 477
501 495
482 493
468 496
487 456
486 452
482 490
487 445
492 471
490 436
473 431
493 486
493 486
481 477
456 498
493 490
482 451
468 456
497 467
487 485
462 522
487 505
481 486
461 464
495 462
476 488
456 465
481 479
485 452
501 436
496 477
497 486
470 506
452 507
481 483
485 469
497 476
496 457
496 482
476 463
462 445
477 488
480 488
497 489
489 491
493 450
475 446
458 477
495 484
496 499
477 499
495 460
480 455
458 473
495 487
494 519
475 507
494 496
489 461
461 459
493 490
492 482
466 495
495 495
475 470
460 465
491 470
491 467
477 488
495 520
485 507
444 503
480 493
469 454
456 464
496 474
477 490
477 490
461 512
475 509
479 487
498 459
496 474
500 495
491 486
454 504
483 480
478 454
459 485
495 494
486 489
461 502
487 495
486 457
463 471
494 483
476 492
455 493
487 503
490 474
486 449
498 483
496 491
484 483
475 500
478 468
482 448
491 488
486 493
494 481
486 491
455 449
490 441
469 485
456 462
489 491
488 484
482 447
497 463
492 473
458 492
482 493
485 501
461 467
491 450
494 489
470 493
480 473
484 476
485 435
497 431
496 485
498 476
487 493
473 494
493 464
490 459
470 468
496 469
486 501
462 523
462 523
493 476
492 453
471 432
496 439
493 488
466 490
494 499
483 459
462 456
494 485
495 496
467 494
486 500
482 460
456 454
486 488
493 467
486 491
486 463
497 464
488 494
463 470
489 496
486 472
462 450
495 488
479 496
458 477
490 487
490 451
480 448
493 495
493 459
482 484
476 448
488 444
486 491
465 454
497 485
482 454
463 443
496 490
491 469
474 490
496 496
486 467
468 469
497 473
480 478
464 506
482 496
485 499
501 463
492 450
495 491
469 483
453 494
488 497
489 458
483 455
499 473
492 486
465 519
494 509
494 509
492 487
462 465
489 471
470 482
452 484
488 496
487 470
479 457
495 467
493 460
460 472
487 486
486 477
446 459
480 458
460 478
446 503
489 526
490 505
492 502
493 477
494 451
491 481
481 471
499 459
484 478
465 481
496 493
494 507
470 502
486 495
482 461
458 461
485 475
492 487
492 517
484 471
483 461
485 424
485 419
487 491
499 491
487 504
464 489
495 462
480 479
451 498
471 474
475 487
485 453
498 452
498 499
469 463
458 487
485 451
489 446
492 493
493 467
493 498
490 473
481 450
495 484
477 493
477 493
457 486
489 499
490 465
488 451
492 489
495 472
491 475
480 486
498 477
486 463
446 495
475 480
470 434
449 466
494 438
482 431
467 479
498 489
486 495
467 502
483 488
485 455
483 470
491 489
496 492
490 501
476 494
496 455
484 453
466 468
496 485
492 517
472 509
491 490
487 463
463 472
487 498
492 466
483 471
487 436
496 434
485 491
465 478
489 501
485 479
463 446
495 463
480 469
463 496
494 506
495 507
473 488
493 459
474 479
454 494
492 482
493 502
480 480
494 455
491 488
464 496
480 482
489 499
490 463
490 463
490 448
497 489
493 480
466 492
483 498
493 461
493 461
492 489
501 497
480 483
449 489
465 447
464 443
480 490
517 462
524 494
506 476
499 448
455 479
461 488
478 499
454 501
492 498
489 459
461 454
492 481
482 494
461 496
493 505
490 477
471 454
494 489
487 497
462 483
494 497
491 462
463 443
489 485
466 493
450 483
485 488
487 450
493 440
495 487
496 485
484 500
474 494
492 451
490 454
471 479
494 492
493 477
458 471
485 438
484 436
455 491
492 476
489 500
467 482
496 456
471 483
460 492
489 493
489 493
491 501
489 495
499 457
494 462
464 478
488 492
492 499
466 503
489 496
491 458
469 472
481 485
490 494
492 492
498 500
497 469
494 451
482 489
468 494
481 479
486 487
488 450
499 436
500 485
471 482
461 490
484 490
488 450
490 446
495 466
494 480
491 519
488 506
484 506
483 488
487 446
506 460
500 463
498 484
475 510
453 505
463 493
458 457
472 456
495 478
503 496
513 508
520 504
498 494
498 461
491 459
458 462
487 463
486 488
463 517
497 524
487 510
461 485
491 469
484 478
468 478
500 485
485 495
469 481
469 481
496 468
490 479
477 486
498 494
485 488
457 488
484 451
484 450
468 496
491 474
492 500
481 483
474 452
484 479
483 488
455 498
484 501
482 496
458 457
484 453
492 480
493 493
479 491
486 499
483 467
460 446
484 488
493 492
494 472
490 483
494 445
491 437
481 490
477 475
487 489
486 494
466 466
493 452
492 457
462 453
491 473
491 515
464 518
495 508
493 485
459 465
487 482
462 486
448 486
486 496
487 465
487 458
492 485
493 492
492 483
483 500
498 473
488 451
467 488
499 495
479 484
463 496
478 456
478 456
481 454
499 478
500 463
495 494
499 458
493 462
490 489
502 477
479 493
460 493
481 451
486 466
500 487
497 455
500 485
485 450
461 448
491 466
491 462
472 483
493 455
490 481
463 488
486 452
493 469
485 440
487 444
496 479
487 472
459 492
485 457
474 477
458 481
497 473
491 490
459 461
481 477
464 483
444 443
483 458
486 427
491 441
492 488
498 479
481 490
469 462
494 474
491 476
476 474
497 491
491 453
466 470
495 486
475 441
461 464
491 441
490 445
481 472
499 473
480 485
461 451
492 476
491 484
473 446
473 446
494 472
486 441
452 447
485 473
473 468
455 490
493 451
491 477
471 488
496 471
483 491
464 467
495 472
483 485
461 482
480 497
481 458
467 466
491 489
494 450
479 479
469 444
477 443
478 459
469 461
489 469
492 464
490 467
479 463
496 463
478 466
460 464
494 466
491 462
475 463
495 464
482 465
463 464
495 463
486 451
464 449
488 445
482 446
465 450
499 452
490 453
451 455
478 463
469 462
453 465
497 463
481 459
457 459
479 456
481 457
473 453
489 453
492 457
491 456
484 458
498 461
495 459
459 461
459 461
486 464
486 464
452 465
488 466
477 461
458 459
494 457
492 457
472 453
496 454
487 454
465 452
497 454
481 454
466 459
489 460
491 462
489 460
493 454
495 451
486 443
471 440
490 455
487 456
463 448
496 441
484 451
464 430
496 428
485 438
473 415
497 437
494 454
471 455
494 456
480 454
460 464
495 463
492 467
474 468
496 466
483 466
463 468
495 466
488 472
467 462
491 486
481 458
464 470
497 490
488 460
465 487
489 463
484 458
466 482
496 421
479 446
461 403
487 417
488 457
488 457
490 478
493 461
488 491
488 491
473 468
493 483
487 486
465 452
497 485
481 476
449 424
477 449
476 410
463 428
496 484
492 465
462 487
491 460
490 471
465 476
497 476
486 494
470 457
497 480
489 477
472 439
494 463
491 422
465 438
493 478
480 462
460 488
494 463
490 472
470 485
495 476
486 494
467 463
498 477
479 474
463 470
482 483
485 456
498 484
493 483
497 478
483 490
464 458
494 475
492 473
469 473
490 490
486 457
457 484
494 476
486 434
467 458
498 422
479 441
453 480
468 466
473 486
488 459
487 474
493 483
479 475
458 488
458 488
495 460
479 473
466 474
488 473
487 489
485 451
489 473
493 484
493 470
477 492
494 463
480 471
459 469
495 471
491 488
476 447
497 467
481 483
460 466
488 495
487 494
464 458
488 471
480 485
456 488
495 465
482 466
467 435
494 441
491 486
476 477
497 489
488 449
466 453
496 475
479 466
460 486
484 490
484 465
479 467
491 484
495 490
493 471
484 485
501 450
484 451
466 466
497 468
486 474
461 460
482 485
477 464
457 474
496 483
486 461
467 469
497 492
490 480
471 451
496 464
489 428
463 430
491 489
473 475
473 475
454 488
479 495
483 455
499 471
498 491
496 451
493 479
479 445
479 447
483 468
485 457
496 485
488 451
491 454
470 470
451 484
483 491
486 500
497 497
498 461
501 471
472 489
467 492
495 467
493 466
488 433
500 437
474 495
456 461
486 473
489 441
489 438
492 490
495 467
492 492
479 461
497 449
479 490
458 468
492 491
491 491
474 450
496 474
483 485
462 448
496 479
489 449
474 443
497 490
488 449
459 475
486 438
481 440
464 471
499 458
483 492
465 455
493 458
492 485
470 492
487 481
484 485
460 437
460 437
482 439
491 473
492 461
479 492
492 452
480 454
458 479
495 478
487 490
469 487
494 447
488 454
463 483
489 466
478 497
460 488
496 454
487 479
455 485
481 474
476 491
460 492
498 469
472 466
461 470
488 476
492 503
500 504
494 506
494 493
489 454
471 472
492 489
485 495
458 504
487 497
486 463
468 466
484 495
492 464
493 484
478 449
492 441
481 491
449 464
489 495
482 477
465 454
496 490
481 496
457 473
479 485
481 447
483 445
494 492
498 453
479 478
462 438
478 437
480 479
494 461
497 495
498 461
472 462
472 462
460 492
490 464
493 493
488 476
496 451
492 486
467 494
476 482
483 498
487 464
501 452
501 489
499 472
473 481
465 485
486 468
489 453
488 465
495 468
494 484
491 511
486 502
489 493
491 452
485 454
490 482
499 486
488 457
461 449
486 418
483 424
463 496
498 476
485 495
465 459
495 448
490 489
474 472
496 489
486 492
458 467
488 463
475 471
462 479
497 503
494 490
478 495
497 455
491 452
462 480
492 461
484 488
466 456
497 468
481 489
467 471
485 487
486 465
491 474
494 488
498 480
484 490
469 447
469 447
492 448
490 479
476 495
490 487
492 488
493 453
489 454
494 493
490 443
472 456
482 426
486 433
491 494
508 466
499 485
499 448
473 444
458 489
488 447
490 477
489 442
492 442
492 487
490 436
485 460
496 431
494 437
467 493
482 480
488 489
488 469
491 475
492 479
494 483
493 496
483 461
493 466
486 486
458 495
489 484
492 494
469 450
486 447
491 477
490 462
486 493
498 459
491 469
466 491
496 450
486 471
467 445
496 447
491 482
475 474
499 491
486 452
464 466
493 485
492 438
472 464
497 435
481 438
461 475
461 475
494 435
494 464
473 435
494 438
480 492
461 487
497 489
489 495
477 452
498 454
484 482
451 465
476 499
475 483
451 463
490 494
482 484
457 485
495 496
480 455
466 464
493 487
490 462
477 492
498 489
490 449
465 470
492 483
479 470
446 457
472 464
475 438
470 435
492 485
495 491
493 476
483 496
495 473
493 452
466 491
485 485
492 485
491 496
488 459
498 462
491 488
465 464
495 489
488 488
463 455
491 472
480 488
462 495
493 486
491 483
476 449
497 450
494 491
459 471
481 494
484 469
464 453
482 492
482 492
487 489
490 482
501 493
499 456
497 453
470 489
464 481
485 492
489 496
495 458
495 455
495 481
488 492
477 490
488 500
490 466
491 454
494 492
499 466
476 488
459 484
485 450
488 480
490 488
490 472
493 497
490 477
478 456
499 489
487 496
466 468
497 478
490 447
461 448
484 494
473 448
456 463
496 433
486 441
462 492
488 482
484 487
465 467
497 475
475 478
457 481
484 493
488 457
492 465
494 486
495 478
482 489
464 496
483 463
482 467
454 493
485 471
482 493
451 495
490 459
480 473
462 488
496 491
487 482
487 482
467 485
489 448
482 449
464 493
497 466
480 492
448 459
471 454
474 488
476 445
491 475
495 444
485 438
464 490
489 481
482 452
466 458
498 423
483 427
448 494
473 472
474 486
460 494
494 465
491 467
465 480
480 486
490 489
493 495
493 493
497 451
492 457
479 477
474 486
472 482
470 493
481 456
514 448
522 491
500 461
499 488
471 469
461 446
490 482
493 488
493 458
492 472
491 440