0 0
-16 -13
-42 -34
-85 -76
-141 -133
-189 -186
-232 -229
-262 -259
-296 -260
-324 -278
-352 -303
-352 -303
-384 -298
-375 -347
-395 -370
-402 -370
-384 -396
-399 -391
-388 -372
-376 -385
-399 -418
-426 -419
-430 -421
-438 -443
-453 -434
-446 -438
-428 -441
-433 -433
-429 -440
-417 -432
-441 -459
-456 -459
-443 -446
-465 -465
-460 -422
-466 -427
-460 -451
-462 -429
-454 -470
-453 -459
-458 -457
-451 -455
-462 -461
-465 -457
-462 -455
-469 -456
-456 -454
-453 -454
-452 -453
-450 -450
-464 -451
-453 -445
-480 -445
-452 -453
-468 -454
-465 -441
-449 -440
-484 -451
-463 -442
-476 -476
-484 -445
-458 -463
-480 -481
-469 -456
-453 -478
-472 -453
-471 -452
-457 -461
-478 -462
-484 -433
-448 -413
-475 -444
-443 -433
-438 -470
-469 -485
-451 -438
-451 -438
-486 -448
-466 -472
-466 -450
-487 -487
-462 -443
-478 -428
-488 -459
-450 -434
-468 -481
-476 -443
-444 -427
-478 -462
-480 -434
-452 -479
-481 -438
-466 -431
-455 -463
-480 -439
-470 -483
-464 -458
-483 -459
-480 -464
-464 -461
-484 -475
-458 -446
-451 -470
-482 -483
-464 -469
-480 -490
-491 -474
-468 -457
-472 -491
-485 -474
-472 -476
-474 -482
-489 -429
-463 -427
-456 -438
-475 -449
-470 -493
-458 -491
-475 -482
-474 -453
-455 -459
-485 -470
-470 -458
-453 -478
-480 -465
-472 -445
-463 -458
-480 -463
-481 -479
-458 -491
-483 -493
-466 -485
-448 -443
-482 -452
-461 -468
-466 -478
-487 -480
-472 -490
-473 -456
-487 -454
-487 -454
-473 -460
-462 -458
-482 -447
-478 -441
-460 -471
-488 -446
-466 -482
-440 -449
-467 -451
-434 -470
-450 -451
-479 -484
-446 -436
-476 -436
-475 -464
-450 -459
-482 -479
-469 -489
-454 -448
-479 -456
-477 -481
-464 -455
-483 -484
-469 -455
-449 -458
-476 -471
-473 -460
-462 -488
-485 -444
-464 -455
-457 -477
-481 -454
-472 -484
-468 -486
-480 -446
-482 -460
-464 -478
-487 -482
-483 -491
-456 -490
-483 -455
-470 -458
-453 -476
-478 -464
-478 -487
-467 -447
-489 -449
-469 -477
-459 -464
-485 -487
-468 -492
-471 -445
-481 -455
-477 -475
-462 -473
-478 -489
-476 -488
-453 -453
-483 -461
-468 -485
-449 -466
-474 -488
-475 -458
-462 -463
-462 -463
-487 -479
-476 -463
-462 -487
-491 -439
-464 -439
-464 -468
-482 -469
-465 -486
-469 -491
-480 -457
-474 -464
-464 -482
-480 -467
-482 -487
-453 -449
-477 -450
-468 -477
-442 -478
-475 -486
-481 -488
-461 -447
-483 -447
-468 -478
-445 -464
-477 -483
-474 -487
-463 -468
-481 -466
-469 -484
-451 -493
-475 -484
-480 -492
-471 -485
-487 -441
-490 -446
-471 -459
-473 -472
-483 -493
-482 -494
-470 -490
-486 -447
-467 -454
-453 -476
-482 -479
-469 -486
-462 -490
-475 -453
-477 -460
-459 -486
-479 -467
-481 -485
-450 -454
-481 -461
-476 -480
-451 -468
-480 -488
-478 -453
-451 -459
-474 -488
-466 -460
-444 -484
-480 -452
-470 -448
-452 -479
-452 -479
-479 -459
-482 -484
-462 -449
-487 -453
-464 -482
-448 -455
-476 -483
-476 -448
-467 -448
-480 -472
-479 -454
-449 -482
-478 -444
-467 -448
-445 -476
-478 -461
-480 -485
-458 -483
-479 -437
-464 -442
-438 -455
-472 -466
-474 -492
-462 -490
-483 -488
-485 -444
-456 -453
-482 -477
-468 -466
-445 -481
-473 -486
-470 -432
-460 -430
-477 -461
-479 -461
-454 -481
-481 -488
-484 -451
-456 -453
-484 -484
-466 -461
-448 -486
-475 -455
-465 -456
-461 -472
-476 -456
-477 -484
-468 -432
-484 -427
-487 -447
-466 -454
-468 -480
-477 -493
-476 -481
-463 -442
-479 -452
-468 -460
-443 -478
-471 -510
-477 -498
-474 -481
-473 -455
-476 -458
-476 -458
-479 -461
-461 -460
-484 -479
-476 -457
-443 -452
-475 -462
-476 -471
-457 -495
-485 -492
-475 -495
-450 -441
-476 -429
-478 -464
-464 -449
-480 -481
-484 -488
-464 -435
-469 -438
-479 -457
-479 -461
-464 -476
-474 -489
-479 -445
-456 -437
-472 -474
-480 -441
-478 -477
-468 -431
-482 -417
-478 -460
-441 -448
-471 -476
-475 -486
-453 -460
-488 -455
-464 -481
-451 -487
-477 -472
-474 -486
-471 -449
-473 -446
-477 -478
-471 -456
-464 -485
-464 -448
-462 -452
-475 -478
-488 -454
-484 -485
-488 -449
-475 -451
-473 -475
-487 -450
-477 -482
-461 -442
-485 -441
-476 -478
-453 -450
-480 -484
-478 -452
-456 -433
-484 -471
-478 -466
-454 -477
-454 -477
-483 -486
-471 -432
-452 -427
-480 -459
-482 -464
-468 -477
-487 -489
-488 -446
-449 -446
-472 -478
-477 -458
-451 -485
-482 -455
-487 -458
-466 -485
-480 -463
-486 -488
-473 -445
-457 -433
-464 -470
-466 -444
-474 -482
-485 -474
-486 -439
-469 -459
-449 -470
-475 -489
-480 -492
-474 -496
-480 -436
-485 -416
-472 -448
-467 -452
-483 -478
-483 -484
-463 -446
-487 -444
-469 -478
-446 -462
-476 -484
-477 -484
-465 -434
-481 -440
-482 -449
-452 -459
-479 -502
-483 -495
-454 -484
-483 -455
-479 -460
-449 -476
-477 -467
-478 -487
-458 -437
-485 -431
-472 -460
-447 -463
-471 -481
-476 -491
-476 -458
-483 -461
-484 -473
-478 -459
-478 -459
-459 -484
-476 -456
-478 -455
-447 -477
-471 -484
-475 -478
-457 -493
-474 -445
-482 -436
-482 -468
-476 -440
-481 -482
-483 -441
-474 -434
-467 -471
-481 -452
-482 -485
-457 -489
-483 -437
-480 -439
-448 -450
-481 -457
-474 -490
-452 -491
-480 -486
-483 -445
-463 -450
-484 -477
-483 -483
-449 -489
-474 -490
-481 -454
-460 -455
-485 -484
-490 -462
-472 -486
-468 -450
-473 -451
-475 -482
-469 -454
-480 -483
-480 -442
-478 -433
-469 -472
-485 -460
-482 -482
-454 -489
-483 -459
-472 -453
-451 -470
-476 -479
-480 -485
-473 -489
-482 -488
-484 -433
-475 -430
-467 -450
-480 -458
-482 -480
-471 -494
-479 -442
-482 -414
-482 -443
-468 -454
-468 -454
-483 -468
-482 -484
-448 -445
-476 -440
-480 -474
-448 -452
-471 -485
-477 -452
-466 -457
-467 -478
-469 -459
-468 -485
-483 -453
-494 -455
-494 -484
-493 -473
-466 -485
-476 -488
-482 -436
-483 -440
-474 -462
-481 -468
-484 -479
-458 -490
-481 -458
-486 -457
-471 -468
-470 -463
-474 -481
-474 -440
-485 -446
-478 -454
-481 -469
-477 -504
-448 -496
-480 -483
-482 -454
-452 -462
-480 -473
-473 -465
-445 -484
-476 -462
-480 -447
-466 -458
-481 -462
-482 -486
-475 -510
-467 -497
-463 -481
-468 -450
-475 -458
-486 -482
-487 -467
-485 -488
-478 -447
-470 -442
-479 -478
-479 -460
-466 -483
-476 -486
-480 -459
-480 -455
-478 -458
-478 -458
-482 -457
-484 -481
-472 -513
-462 -507
-466 -490
-466 -485
-475 -439
-500 -440
-483 -459
-481 -469
-482 -498
-455 -491
-478 -487
-481 -442
-453 -442
-476 -470
-483 -474
-470 -479
-467 -485
-465 -433
-464 -421
-473 -463
-497 -465
-480 -480
-474 -488
-477 -445
-468 -445
-471 -480
-473 -448
-473 -480
-484 -439
-481 -427
-483 -466
-480 -460
-455 -480
-478 -486
-482 -461
-451 -452
-481 -478
-481 -486
-443 -478
-474 -491
-468 -472
-445 -449
-479 -485
-483 -491
-460 -476
-482 -490
-483 -448
-446 -448
-466 -480
-471 -452
-463 -483
-469 -445
-469 -441
-469 -476
-479 -450
-496 -483
-482 -465
-479 -438
-479 -470
-465 -482
-481 -477
-484 -493
-484 -493
-480 -470
-478 -441
-482 -471
-482 -482
-467 -466
-471 -483
-471 -441
-470 -434
-490 -476
-481 -443
-477 -479
-481 -467
-463 -446
-475 -489
-482 -494
-480 -480
-479 -491
-481 -455
-483 -452
-483 -486
-471 -456
-482 -484
-484 -465
-483 -435
-478 -469
-485 -480
-486 -486
-457 -496
-486 -490
-489 -449
-454 -450
-478 -472
-483 -484
-458 -493
-472 -500
-477 -481
-476 -449
-484 -471
-483 -482
-483 -494
-484 -492
-475 -488
-489 -449
-491 -452
-469 -485
-478 -456
-483 -484
-483 -445
-479 -435
-491 -477
-490 -460
-474 -485
-472 -490
-467 -429
-469 -424
-484 -427
-505 -431
-485 -493
-483 -517
-481 -507
-453 -448
-480 -437
-481 -436
-481 -436
-460 -428
-483 -479
-486 -436
-484 -422
-477 -455
-482 -464
-481 -475
-475 -490
-470 -452
-470 -452
-470 -472
-480 -457
-484 -489
-490 -439
-486 -438
-457 -460
-486 -468
-475 -476
-451 -488
-471 -447
-473 -444
-484 -471
-505 -453
-489 -486
-487 -447
-471 -449
-456 -475
-480 -471
-480 -483
-490 -489
-482 -439
-482 -433
-481 -463
-459 -467
-484 -483
-485 -490
-459 -454
-480 -454
-487 -485
-480 -461
-480 -487
-484 -452
-483 -455
-471 -478
-474 -461
-477 -485
-477 -448
-483 -447
-482 -471
-482 -485
-483 -492
-469 -497
-481 -438
-482 -415
-481 -446
-474 -451
-476 -474
-477 -489
-478 -449
-485 -451
-486 -482
-486 -457
-481 -487
-476 -452
-476 -452
-478 -453
-482 -485
-484 -456
-485 -487
-490 -438
-486 -422
-456 -462
-482 -457
-488 -480
-462 -491
-482 -447
-487 -448
-480 -479
-476 -454
-479 -485
-479 -484
-479 -439
-475 -450
-478 -460
-479 -471
-460 -495
-472 -493
-472 -485
-469 -441
-491 -445
-479 -468
-480 -479
-481 -490
-455 -496
-474 -477
-475 -445
-477 -467
-475 -480
-485 -496
-486 -490
-468 -489
-476 -451
-473 -452
-475 -480
-492 -459
-495 -488
-488 -446
-485 -447
-487 -481
-476 -458
-479 -493
-479 -476
-478 -447
-482 -474
-485 -484
-487 -478
-484 -494
-480 -482
-484 -443
-484 -455
-460 -459
-480 -473
-485 -513
-488 -503
-479 -498
-483 -488
-484 -444
-456 -449
-456 -449
-482 -452
-490 -463
-487 -507
-475 -504
-469 -497
-465 -485
-468 -442
-484 -443
-478 -449
-480 -462
-478 -506
-480 -508
-478 -498
-476 -485
-474 -444
-484 -449
-476 -463
-474 -477
-477 -515
-469 -488
-476 -484
-471 -431
-469 -414
-487 -457
-501 -464
-476 -481
-472 -490
-473 -445
-466 -431
-474 -469
-474 -471
-473 -482
-492 -489
-490 -435
-490 -421
-489 -455
-454 -467
-471 -482
-477 -493
-476 -436
-480 -410
-485 -445
-485 -456
-470 -484
-473 -495
-471 -486
-470 -442
-488 -447
-496 -450
-479 -458
-478 -503
-478 -508
-488 -496
-485 -482
-485 -445
-481 -451
-457 -474
-480 -491
-482 -495
-468 -497
-474 -478
-469 -446
-470 -467
-488 -480
-488 -480
-500 -497
-477 -495
-470 -496
-466 -434
-483 -410
-494 -441
-478 -452
-478 -483
-475 -494
-486 -484
-474 -438
-473 -442
-474 -439
-468 -437
-474 -461
-474 -460
-473 -435
-475 -439
-468 -462
-462 -484
-461 -515
-474 -491
-508 -488
-487 -468
-483 -454
-478 -483
-444 -467
-471 -458
-476 -466
-467 -466
-476 -484
-476 -515
-477 -493
-490 -489
-483 -439
-485 -424
-480 -465
-453 -465
-484 -480
-483 -489
-450 -439
-475 -434
-466 -470
-442 -465
-472 -479
-475 -486
-486 -436
-485 -424
-489 -458
-485 -466
-452 -479
-479 -493
-481 -442
-455 -431
-483 -467
-485 -450
-455 -479
-483 -485
-481 -468
-447 -454
-474 -452
-479 -445
-451 -447
-451 -447
-487 -468
-473 -464
-455 -433
-486 -443
-483 -462
-467 -488
-469 -509
-469 -489
-471 -488
-498 -490
-480 -472
-475 -489
-476 -443
-477 -429
-485 -472
-490 -475
-484 -488
-455 -494
-477 -454
-481 -453
-464 -487
-485 -460
-488 -489
-479 -475
-468 -453
-478 -490
-478 -497
-475 -479
-480 -492
-478 -443
-478 -431
-478 -470
-472 -461
-471 -479
-471 -485
-481 -461
-484 -446
-488 -460
-487 -459
-445 -481
-472 -512
-471 -505
-445 -495
-482 -484
-486 -441
-464 -440
-479 -442
-482 -439
-473 -465
-469 -462
-476 -431
-476 -440
-482 -458
-481 -483
-479 -507
-484 -487
-486 -488
-489 -488
-494 -474
-486 -491
-453 -451
-477 -449
-481 -485
-466 -455
-466 -455
-487 -486
-490 -445
-492 -438
-480 -476
-490 -450
-482 -486
-454 -476
-485 -443
-486 -462
-459 -467
-483 -487
-478 -521
-452 -500
-484 -488
-487 -460
-461 -460
-486 -480
-482 -468
-454 -487
-484 -457
-477 -448
-458 -470
-482 -479
-483 -501
-473 -495
-479 -488
-479 -452
-479 -455
-479 -486
-472 -465
-470 -488
-470 -470
-487 -436
-481 -451
-482 -455
-479 -478
-448 -511
-476 -496
-479 -493
-468 -461
-475 -438
-475 -472
-475 -482
-491 -479
-489 -490
-491 -481
-492 -436
-455 -446
-480 -446
-475 -449
-439 -495
-469 -519
-473 -498
-471 -493
-480 -464
-482 -437
-481 -465
-464 -479
-484 -488
-486 -493
-481 -490
-478 -440
-481 -438
-481 -438
-485 -456
-471 -466
-482 -498
-486 -498
-484 -485
-480 -448
-483 -452
-484 -475
-478 -488
-472 -486
-477 -488
-477 -442
-482 -430
-492 -467
-483 -473
-482 -480
-481 -487
-482 -438
-476 -423
-477 -461
-476 -469
-482 -479
-475 -488
-463 -436
-461 -424
-476 -464
-508 -457
-484 -475
-484 -481
-469 -461
-445 -442
-474 -456
-480 -457
-491 -478
-480 -513
-482 -497
-478 -494
-459 -468
-475 -441
-481 -472
-482 -483
-479 -483
-479 -486
-476 -483
-477 -462
-479 -449
-475 -451
-475 -439
-476 -441
-480 -451
-480 -431
-480 -437
-478 -457
-488 -483
-482 -519
-476 -490
-477 -486
-488 -472
-485 -448
-490 -483
-485 -467
-455 -449
-484 -456
-486 -448
-486 -448
-459 -453
-485 -470
-485 -464
-457 -426
-487 -441
-480 -458
-457 -482
-485 -496
-485 -494
-459 -476
-472 -456
-474 -487
-468 -459
-465 -453
-475 -472
-476 -481
-462 -509
-477 -499
-478 -493
-477 -459
-484 -460
-481 -490
-480 -469
-480 -491
-469 -454
-484 -457
-487 -483
-488 -459
-482 -489
-489 -446
-489 -439
-453 -474
-479 -475
-484 -488
-460 -492
-488 -446
-492 -438
-456 -473
-471 -480
-477 -488
-475 -493
-479 -453
-485 -451
-484 -485
-455 -454
-483 -483
-486 -429
-465 -412
-479 -453
-484 -459
-484 -479
-486 -490
-483 -446
-484 -443
-484 -475
-476 -449
-489 -486
-490 -451
-471 -446
-484 -481
-489 -461
-491 -486
-482 -488
-482 -488
-490 -436
-491 -435
-465 -438
-475 -440
-484 -494
-488 -521
-486 -497
-494 -492
-491 -456
-480 -455
-477 -479
-478 -462
-481 -489
-487 -446
-483 -448
-488 -478
-476 -469
-447 -487
-467 -491
-473 -446
-482 -450
-490 -478
-488 -478
-486 -487
-486 -491
-473 -450
-479 -453
-479 -483
-466 -454
-468 -484
-466 -439
-466 -427
-480 -468
-512 -469
-493 -483
-490 -490
-476 -458
-438 -440
-462 -474
-465 -481
-479 -476
-481 -492
-480 -473
-480 -449
-451 -483
-483 -492
-489 -477
-470 -493
-477 -431
-483 -406
-483 -438
-476 -449
-488 -482
-487 -498
-479 -476
-478 -448
-480 -475
-481 -486
-476 -482
-469 -492
-465 -490
-464 -440
-479 -447
-479 -459
-508 -459
-493 -467
-490 -499
-474 -495
-445 -488
-455 -446
-457 -452
-473 -478
-511 -485
-501 -485
-490 -489
-486 -463
-474 -437
-467 -466
-468 -475
-469 -497
-479 -491
-511 -490
-489 -451
-486 -447
-472 -483
-441 -454
-471 -484
-475 -442
-478 -431
-482 -472
-487 -456
-487 -479
-460 -486
-484 -472
-457 -455
-446 -459
-484 -462
-480 -476
-473 -497
-478 -496
-477 -487
-479 -444
-484 -445
-487 -466
-477 -477
-446 -490
-469 -499
-473 -474
-479 -444
-489 -467
-488 -478
-477 -482
-449 -488
-462 -487
-464 -435
-479 -434
-512 -457
-489 -466
-489 -495
-477 -499
-447 -486
-479 -444
-485 -446
-463 -455
-488 -465
-479 -508
-436 -510
-463 -499
-463 -499
-466 -480
-474 -444
-486 -452
-489 -477
-470 -496
-449 -495
-475 -487
-477 -454
-471 -457
-481 -478
-478 -463
-478 -484
-477 -454
-478 -441
-481 -474
-482 -480
-491 -471
-480 -488
-473 -432
-475 -413
-493 -453
-494 -459
-485 -476
-482 -488
-482 -444
-468 -438
-477 -477
-475 -461
-463 -483
-468 -488
-459 -462
-455 -453
-465 -455
-498 -449
-513 -460
-490 -477
-486 -468
-468 -431
-443 -443
-462 -460
-469 -483
-485 -482
-512 -471
-499 -472
-488 -467
-487 -484
-484 -489
-477 -439
-477 -430
-479 -463
-482 -469
-493 -478
-478 -489
-468 -466
-464 -447
-483 -488
-509 -490
-501 -473
-478 -486
-474 -459
-472 -434
-491 -466
-482 -475
-479 -492
-479 -492
-480 -492
-469 -488
-469 -448
-468 -445
-469 -476
-478 -481
-499 -483
-481 -486
-475 -425
-476 -403
-490 -431
-484 -443
-487 -499
-486 -493
-451 -488
-475 -454
-479 -456
-470 -484
-464 -462
-464 -485
-464 -442
-477 -436
-492 -472
-493 -474
-492 -486
-470 -490
-472 -448
-475 -448
-475 -481
-493 -458
-486 -486
-483 -484
-488 -440
-468 -454
-477 -465
-485 -476
-480 -492
-478 -495
-480 -488
-484 -441
-484 -442
-472 -452
-486 -462
-474 -504
-446 -497
-471 -482
-475 -453
-484 -458
-496 -477
-480 -467
-474 -486
-475 -435
-490 -428
-484 -458
-484 -467
-485 -484
-455 -494
-485 -467
-487 -440
-457 -471
-485 -481
-484 -480
-450 -492
-450 -492
-473 -488
-476 -437
-465 -441
-478 -448
-478 -456
-479 -507
-494 -492
-506 -492
-484 -444
-478 -433
-478 -473
-455 -457
-469 -477
-473 -480
-473 -473
-486 -446
-481 -446
-482 -446
-483 -454
-486 -505
-483 -494
-474 -493
-476 -453
-493 -449
-493 -483
-483 -459
-482 -487
-483 -454
-482 -454
-486 -485
-485 -456
-484 -484
-478 -438
-484 -426
-484 -468
-483 -470
-478 -484
-474 -491
-477 -442
-480 -433
-480 -470
-488 -468
-484 -483
-449 -491
-472 -441
-476 -439
-470 -472
-474 -462
-475 -483
-478 -488
-484 -472
-483 -462
-487 -484
-484 -492
-453 -484
-478 -487
-482 -484
-472 -460
-479 -447
-481 -450
-482 -444
-475 -452
-474 -465
-476 -451
-476 -451
-474 -452
-478 -468
-478 -487
-476 -517
-477 -513
-496 -483
-488 -487
-486 -484
-475 -469
-442 -490
-466 -449
-470 -452
-482 -483
-507 -449
-473 -481
-472 -460
-459 -431
-436 -466
-471 -474
-473 -488
-484 -489
-500 -488
-482 -445
-480 -444
-481 -475
-459 -476
-480 -483
-481 -487
-459 -435
-468 -426
-471 -462
-474 -467
-487 -481
-491 -492
-492 -438
-490 -425
-463 -464
-480 -457
-479 -479
-447 -489
-470 -432
-472 -424
-477 -456
-485 -464
-481 -487
-480 -497
-477 -463
-489 -441
-477 -475
-471 -480
-472 -478
-486 -489
-490 -444
-482 -435
-478 -472
-482 -473
-487 -483
-486 -488
-491 -434
-485 -423
-476 -458
-487 -466
-489 -479
-489 -479
-473 -491
-477 -452
-475 -452
-474 -469
-492 -454
-496 -486
-481 -437
-478 -423
-478 -428
-475 -427
-479 -476
-480 -512
-481 -501
-491 -489
-484 -484
-480 -430
-480 -433
-471 -442
-479 -450
-484 -503
-484 -494
-493 -494
-481 -467
-478 -439
-476 -469
-463 -481
-476 -480
-477 -492
-482 -487
-487 -436
-482 -438
-483 -441
-479 -443
-464 -489
-473 -516
-472 -510
-475 -493
-483 -483
-479 -442
-481 -441
-480 -459
-470 -477
-482 -514
-484 -503
-461 -487
-479 -463
-482 -465
-484 -476
-487 -469
-485 -484
-486 -474
-486 -456
-483 -471
-489 -478
-491 -486
-489 -488
-480 -494
-493 -453
-484 -453
-454 -482
-482 -456
-485 -487
-459 -446
-485 -444
-485 -444
-486 -477
-444 -461
-475 -485
-473 -489
-447 -465
-483 -459
-488 -463
-467 -463
-486 -486
-489 -517
-486 -503
-477 -497
-469 -485
-471 -444
-472 -454
-480 -457
-489 -469
-488 -511
-472 -504
-473 -494
-457 -488
-441 -438
-439 -440
-442 -454
-449 -462
-469 -493
-492 -493
-515 -491
-501 -443
-494 -439
-475 -463
-448 -470
-472 -486
-474 -498
-489 -479
-487 -441
-487 -452
-486 -452
-454 -464
-482 -497
-488 -518
-456 -505
-480 -493
-484 -489
-475 -440
-479 -438
-484 -448
-482 -455
-457 -505
-477 -500
-481 -498
-482 -476
-482 -440
-487 -449
-476 -448
-451 -457
-479 -477
-486 -480
-476 -453
-485 -456
-487 -474
-485 -492
-486 -524
-486 -524
-481 -492
-469 -487
-460 -476
-471 -454
-489 -488
-495 -442
-500 -433
-507 -463
-514 -470
-497 -487
-484 -497
-484 -480
-485 -439
-479 -449
-485 -445
-487 -448
-473 -469
-469 -464
-468 -460
-466 -472
-476 -490
-507 -513
-488 -516
-474 -485
-477 -484
-484 -486
-485 -463
-495 -487
-490 -452
-455 -434
-480 -471
-487 -479
-463 -481
-482 -491
-487 -477
-483 -433
-476 -441
-480 -434
-480 -430
-469 -452
-464 -441
-466 -446
-465 -467
-479 -487
-498 -518
-481 -516
-473 -482
-469 -483
-487 -482
-508 -463
-485 -486
-484 -464
-485 -439
-457 -458
-484 -456
-479 -469
-451 -486
-468 -487
-473 -476
-478 -448
-495 -453
-483 -468
-478 -487
-478 -518
-478 -518
-485 -514
-480 -479
-476 -480
-475 -486
-482 -462
-492 -488
-479 -467
-475 -438
-476 -465
-496 -475
-488 -500
-487 -510
-483 -502
-475 -482
-474 -447
-474 -454
-475 -471
-485 -491
-488 -514
-483 -496
-485 -487
-484 -445
-484 -442
-483 -472
-480 -483
-479 -497
-481 -492
-478 -486
-478 -426
-480 -421
-492 -418
-480 -403
-476 -442
-473 -438
-486 -451
-480 -472
-478 -490
-481 -521
-485 -485
-482 -479
-484 -477
-483 -447
-461 -484
-471 -438
-474 -423
-474 -457
-484 -468
-479 -487
-475 -495
-474 -480
-477 -436
-473 -441
-471 -429
-472 -417
-481 -421
-480 -436
-478 -462
-480 -487
-483 -521
-491 -505
-493 -481
-492 -486
-482 -483
-482 -483
-479 -478
-479 -490
-480 -446
-482 -439
-475 -474
-480 -484
-480 -493
-464 -498
-483 -470
-488 -439
-480 -460
-462 -470
-475 -497
-476 -498
-460 -493
-484 -485
-487 -440
-478 -443
-467 -449
-475 -453
-475 -498
-480 -519
-492 -494
-477 -489
-474 -449
-476 -446
-496 -482
-487 -466
-482 -480
-483 -482
-479 -477
-477 -452
-477 -456
-477 -462
-484 -467
-490 -493
-481 -494
-479 -489
-479 -474
-487 -473
-478 -493
-476 -498
-474 -481
-490 -494
-481 -482
-484 -439
-476 -445
-451 -437
-486 -428
-481 -440
-454 -453
-478 -475
-476 -494
-448 -521
-475 -500
-478 -478
-480 -480
-490 -485
-486 -480
-487 -493
-485 -464
-476 -436
-484 -460
-484 -466
-484 -466
-454 -495
-481 -521
-485 -498
-473 -487
-476 -453
-476 -452
-475 -486
-486 -462
-484 -485
-485 -470
-487 -434
-465 -446
-478 -435
-484 -428
-481 -430
-469 -443
-482 -470
-480 -493
-449 -522
-470 -499
-474 -490
-476 -472
-483 -451
-491 -482
-488 -474
-463 -456
-471 -470
-477 -476
-479 -489
-483 -496
-479 -497
-474 -484
-473 -443
-491 -452
-492 -451
-483 -452
-484 -476
-481 -476
-471 -453
-483 -453
-484 -471
-455 -491
-480 -522
-487 -507
-468 -485
-480 -488
-485 -482
-483 -477
-480 -489
-484 -463
-486 -444
-485 -462
-475 -465
-488 -490
-490 -520
-472 -497
-478 -491
-482 -466
-479 -434
-495 -459
-493 -464
-490 -489
-474 -520
-474 -520
-450 -502
-463 -497
-457 -437
-467 -414
-479 -442
-473 -452
-452 -487
-464 -492
-481 -489
-503 -431
-498 -425
-489 -415
-482 -395
-450 -415
-480 -428
-484 -457
-465 -481
-470 -514
-464 -478
-462 -461
-482 -464
-507 -455
-515 -475
-482 -483
-480 -472
-470 -446
-443 -463
-466 -471
-471 -482
-482 -499
-514 -498
-488 -492
-486 -442
-459 -443
-447 -455
-485 -463
-484 -510
-480 -498
-479 -494
-482 -458
-486 -458
-502 -484
-495 -461
-490 -486
-477 -435
-458 -420
-465 -450
-464 -460
-477 -489
-510 -494
-507 -487
-490 -440
-487 -441
-473 -452
-446 -462
-452 -506
-447 -493
-452 -489
-479 -438
-465 -420
-451 -459
-453 -465
-475 -483
-507 -493
-507 -493
-529 -450
-502 -445
-490 -480
-455 -472
-450 -485
-481 -489
-452 -449
-477 -443
-483 -467
-465 -474
-476 -490
-480 -494
-478 -488
-486 -446
-473 -452
-471 -471
-475 -482
-478 -493
-488 -498
-488 -481
-485 -443
-464 -454
-488 -457
-488 -470
-461 -508
-492 -519
-466 -503
-462 -480
-490 -459
-476 -469
-475 -473
-475 -472
-475 -486
-486 -472
-500 -453
-480 -455
-477 -447
-479 -448
-473 -476
-482 -484
-484 -467
-484 -429
-475 -444
-489 -458
-491 -486
-482 -481
-480 -464
-477 -467
-477 -466
-487 -485
-489 -492
-485 -449
-485 -438
-482 -474
-477 -481
-474 -486
-474 -493
-476 -449
-490 -441
-482 -479
-480 -457
-483 -485
-488 -487
-488 -487
-489 -436
-491 -441
-478 -443
-457 -445
-472 -495
-472 -520
-480 -491
-497 -490
-487 -447
-490 -446
-491 -473
-481 -450
-495 -486
-491 -436
-465 -427
-491 -455
-478 -461
-446 -486
-462 -496
-466 -479
-480 -442
-512 -449
-494 -445
-490 -443
-464 -452
-457 -428
-485 -439
-475 -459
-475 -485
-471 -511
-470 -493
-483 -493
-511 -473
-496 -463
-492 -479
-492 -473
-458 -447
-472 -439
-478 -430
-474 -426
-475 -470
-485 -508
-486 -520
-449 -498
-471 -486
-472 -456
-470 -460
-476 -487
-482 -468
-482 -489
-466 -454
-474 -456
-469 -478
-470 -459
-487 -487
-507 -443
-486 -438
-485 -465
-466 -473
-450 -490
-479 -495
-480 -488
-492 -444
-482 -454
-482 -454
-484 -465
-482 -473
-460 -502
-483 -495
-482 -488
-484 -442
-483 -437
-486 -459
-487 -472
-464 -508
-471 -500
-471 -485
-470 -453
-493 -460
-499 -491
-481 -474
-481 -494
-481 -478
-488 -453
-478 -493
-478 -501
-479 -483
-462 -496
-488 -453
-489 -452
-474 -483
-474 -456
-473 -487
-474 -449
-487 -448
-504 -486
-470 -453
-467 -483
-468 -437
-463 -416
-494 -459
-495 -467
-485 -485
-471 -494
-464 -457
-452 -458
-449 -480
-456 -462
-453 -488
-460 -445
-482 -449
-506 -478
-522 -470
-500 -483
-486 -487
-472 -462
-448 -450
-463 -469
-465 -475
-476 -497
-507 -498
-501 -495
-489 -486
-487 -446
-489 -452
-476 -457
-482 -464
-484 -506
-484 -506
-464 -506
-463 -494
-454 -485
-445 -438
-459 -439
-489 -452
-502 -465
-511 -510
-516 -501
-485 -499
-480 -475
-480 -444
-458 -463
-472 -474
-478 -496
-478 -494
-497 -497
-490 -448
-487 -430
-473 -463
-448 -470
-466 -480
-468 -490
-480 -452
-508 -450
-496 -486
-480 -455
-480 -484
-480 -445
-480 -438
-481 -478
-481 -454
-486 -488
-492 -474
-488 -444
-490 -468
-484 -479
-472 -496
-487 -493
-487 -492
-469 -456
-478 -459
-479 -485
-480 -462
-499 -489
-477 -449
-477 -442
-461 -476
-439 -481
-478 -484
-479 -490
-495 -442
-485 -431
-484 -470
-481 -471
-451 -481
-480 -487
-484 -431
-473 -419
-470 -456
-464 -463
-463 -477
-479 -486
-509 -434
-509 -434
-492 -417
-489 -457
-477 -468
-444 -485
-462 -494
-461 -444
-475 -433
-509 -467
-497 -455
-479 -477
-476 -483
-476 -475
-478 -455
-479 -472
-479 -477
-479 -469
-492 -482
-484 -487
-481 -461
-481 -450
-466 -468
-476 -475
-479 -502
-481 -497
-501 -499
-492 -470
-490 -443
-476 -476
-451 -485
-470 -469
-474 -486
-485 -438
-509 -422
-492 -467
-488 -470
-468 -484
-447 -491
-467 -447
-471 -445
-494 -478
-481 -457
-477 -480
-475 -483
-463 -464
-472 -454
-471 -447
-471 -430
-480 -427
-508 -434
-489 -412
-487 -431
-482 -454
-441 -481
-468 -482
-472 -474
-455 -473
-483 -456
-485 -480
-481 -486
-471 -466
-483 -452
-481 -453
-461 -440
-461 -440
-480 -437
-485 -439
-485 -441
-476 -462
-485 -485
-483 -514
-465 -491
-473 -485
-466 -473
-464 -448
-482 -486
-506 -442
-510 -434
-483 -461
-481 -469
-476 -499
-451 -497
-465 -486
-466 -451
-474 -452
-506 -470
-484 -485
-483 -519
-474 -494
-443 -488
-471 -447
-478 -443
-484 -483
-495 -453
-481 -485
-475 -472
-477 -450
-489 -486
-488 -494
-489 -485
-486 -491
-458 -488
-482 -460
-482 -458
-456 -455
-487 -446
-470 -453
-444 -451
-469 -432
-473 -444
-491 -465
-492 -492
-478 -518
-476 -491
-475 -490
-497 -474
-482 -461
-482 -484
-479 -475
-450 -452
-476 -460
-480 -463
-468 -475
-467 -499
-461 -494
-454 -487
-464 -443
-496 -444
-510 -468
-510 -468
-514 -478
-491 -502
-491 -493
-479 -487
-446 -437
-461 -435
-463 -463
-475 -470
-512 -483
-500 -494
-486 -469
-485 -440
-481 -471
-470 -482
-480 -487
-481 -491
-467 -488
-478 -435
-477 -428
-477 -445
-494 -457
-490 -508
-485 -496
-487 -493
-486 -442
-482 -424
-489 -464
-485 -474
-451 -483
-475 -492
-480 -449
-474 -448
-481 -477
-483 -456
-484 -488
-479 -448
-476 -446
-479 -476
-479 -476
-469 -486
-480 -490
-481 -442
-481 -435
-479 -470
-484 -477
-484 -483
-484 -489
-486 -439
-483 -424
-482 -468
-481 -474
-491 -484
-476 -491
-465 -459
-460 -436
-472 -470
-504 -480
-520 -501
-501 -490
-487 -486
-486 -464
-485 -448
-486 -475
-486 -475
-488 -487
-491 -506
-492 -490
-497 -489
-485 -441
-481 -430
-480 -474
-485 -472
-468 -485
-463 -490
-464 -435
-476 -427
-481 -458
-480 -468
-479 -497
-471 -498
-472 -487
-477 -443
-475 -445
-469 -448
-477 -449
-478 -468
-478 -456
-471 -464
-473 -477
-471 -499
-472 -515
-491 -492
-499 -492
-480 -484
-473 -472
-477 -489
-494 -446
-487 -434
-489 -462
-489 -476
-454 -510
-472 -498
-478 -488
-476 -449
-484 -448
-488 -481
-487 -481
-481 -488
-476 -489
-470 -436
-470 -427
-473 -459
-498 -469
-481 -489
-475 -497
-480 -482
-485 -441
-487 -447
-490 -439
-477 -433
-445 -442
-466 -419
-470 -437
-478 -458
-512 -484
-487 -515
-481 -483
-481 -481
-481 -481
-470 -484
-468 -457
-471 -481
-470 -428
-475 -405
-481 -441
-484 -455
-483 -504
-459 -501
-480 -488
-480 -455
-475 -464
-475 -487
-472 -473
-472 -490
-482 -456
-497 -456
-483 -490
-481 -470
-481 -491
-475 -482
-487 -443
-487 -452
-484 -451
-482 -454
-473 -479
-465 -482
-465 -467
-489 -429
-510 -446
-505 -464
-482 -486
-475 -519
-476 -488
-491 -487
-502 -476
-483 -461
-484 -482
-486 -475
-460 -441
-477 -445
-477 -437
-455 -433
-473 -466
-482 -465
-479 -471
-480 -482
-476 -499
-471 -517
-474 -487
-492 -481
-492 -482
-485 -466
-482 -482
-483 -486
-477 -474
-485 -461
-489 -457
-464 -450
-483 -450
-490 -476
-484 -484
-479 -464
-479 -464
-488 -463
-487 -479
-461 -496
-480 -523
-485 -504
-484 -484
-497 -485
-483 -485
-475 -481
-476 -491
-491 -443
-495 -429
-478 -466
-480 -475
-481 -493
-488 -500
-484 -488
-483 -442
-484 -448
-461 -444
-484 -440
-468 -463
-441 -449
-467 -455
-472 -471
-488 -492
-514 -526
-492 -491
-486 -483
-486 -483
-468 -448
-478 -484
-480 -459
-479 -429
-494 -454
-477 -455
-478 -479
-474 -512
-447 -524
-475 -495
-478 -486
-482 -454
-487 -453
-489 -492
-488 -469
-473 -493
-474 -442
-470 -421
-471 -465
-486 -461
-513 -484
-489 -493
-485 -439
-471 -430
-444 -463
-466 -474
-464 -487
-473 -499
-497 -446
-507 -428
-511 -466
-493 -464
-476 -483
-475 -489
-475 -489
-476 -433
-498 -417
-489 -446
-490 -455
-481 -508
-452 -498
-467 -488
-467 -457
-474 -460
-503 -492
-509 -471
-486 -492
-484 -439
-484 -421
-469 -460
-480 -469
-484 -480
-486 -492
-493 -447
-489 -436
-488 -478
-486 -462
-483 -482
-480 -487
-482 -471
-481 -458
-491 -458
-485 -451
-484 -451
-482 -472
-463 -464
-483 -429
-485 -443
-471 -459
-473 -488
-459 -512
-442 -488
-438 -490
-440 -476
-452 -471
-476 -488
-498 -456
-524 -435
-499 -443
-487 -428
-473 -436
-435 -433
-461 -442
-464 -464
-475 -486
-512 -521
-482 -510
-467 -480
-468 -480
-468 -482
-483 -478
-480 -486
-478 -483
-476 -475
-481 -457
-475 -452
-473 -443
-474 -439
-474 -439
-484 -462
-480 -453
-480 -456
-480 -473
-454 -488
-475 -516
-477 -522
-479 -481
-487 -486
-481 -477
-482 -453
-481 -484
-471 -466
-474 -442
-473 -446
-469 -427
-471 -418
-476 -410
-477 -429
-469 -455
-476 -481
-472 -521
-471 -494
-485 -490
-511 -466
-491 -453
-487 -483
-483 -472
-452 -460
-474 -453
-478 -444
-477 -439
-479 -453
-474 -433
-474 -444
-480 -462
-493 -485
-473 -523
-450 -491
-423 -491
-421 -470
-423 -454
-438 -483
-472 -465
-495 -443
-514 -430
-494 -398
-484 -389
-464 -433
-446 -468
-463 -503
-464 -479
-475 -469
-506 -470
-516 -464
-481 -479
-479 -482
-478 -477
-457 -437
-471 -453
-476 -461
-477 -468
-492 -499
-486 -496
-486 -496
-484 -488
-482 -448
-462 -450
-480 -471
-482 -484
-486 -503
-494 -493
-485 -488
-486 -438
-483 -438
-480 -461
-482 -474
-481 -506
-482 -508
-490 -488
-485 -467
-485 -486
-484 -476
-469 -478
-487 -488
-489 -478
-469 -462
-476 -464
-475 -474
-475 -481
-495 -490
-512 -499
-491 -475
-486 -439
-466 -453
-449 -449
-470 -451
-475 -459
-495 -435
-493 -452
-490 -468
-489 -491
-490 -513
-494 -495
-484 -497
-481 -475
-478 -478
-492 -488
-477 -476
-476 -458
-474 -455
-466 -447
-473 -445
-465 -472
-465 -470
-482 -474
-511 -484
-494 -502
-491 -524
-491 -481
-452 -468
-471 -469
-477 -464
-474 -480
-481 -488
-488 -466
-487 -438
-452 -453
-452 -453
-474 -441
-478 -440
-462 -441
-459 -449
-456 -470
-453 -489
-469 -521
-508 -521
-520 -489
-491 -492
-486 -491
-485 -471
-450 -495
-482 -453
-484 -450
-454 -484
-485 -466
-482 -486
-449 -489
-479 -475
-481 -457
-453 -457
-489 -448
-478 -446
-457 -465
-485 -450
-483 -460
-465 -476
-480 -496
-480 -521
-480 -495
-480 -492
-480 -472
-484 -458
-478 -482
-481 -479
-486 -455
-485 -458
-465 -460
-487 -467
-491 -505
-465 -498
-476 -491
-480 -449
-479 -445
-484 -472
-481 -484
-481 -510
-482 -496
-488 -485
-485 -442
-485 -437
-479 -456
-462 -466
-479 -509
-478 -519
-483 -501
-480 -486
-477 -455
-478 -459
-476 -488
-481 -490
-478 -494
-479 -493
-479 -493
-482 -445
-501 -439
-487 -463
-487 -472
-485 -508
-466 -502
-485 -493
-485 -453
-488 -446
-487 -474
-490 -487
-486 -513
-454 -504
-473 -483
-477 -453
-482 -460
-492 -486
-483 -495
-479 -495
-480 -489
-493 -445
-484 -436
-485 -456
-481 -466
-459 -510
-481 -513
-483 -500
-483 -482
-479 -446
-482 -447
-482 -461
-463 -476
-478 -512
-484 -520
-483 -497
-489 -483
-481 -449
-479 -451
-480 -482
-482 -492
-481 -493
-479 -491
-475 -449
-481 -445
-477 -479
-474 -485
-473 -493
-483 -493
-496 -449
-481 -432
-480 -465
-476 -478
-496 -506
-497 -499
-477 -492
-475 -446
-474 -441
-495 -465
-502 -474
-486 -515
-486 -500
-484 -487
-486 -455
-486 -455
-481 -455
-480 -491
-483 -472
-487 -494
-485 -477
-484 -440
-478 -447
-458 -435
-476 -423
-478 -429
-481 -457
-488 -477
-475 -503
-468 -514
-468 -485
-490 -486
-512 -482
-490 -464
-484 -482
-486 -469
-469 -432
-472 -445
-469 -433
-468 -422
-488 -432
-511 -447
-484 -469
-481 -481
-467 -501
-440 -501
-458 -493
-449 -500
-446 -505
-456 -479
-462 -477
-476 -486
-496 -476
-518 -483
-511 -486
-489 -471
-482 -446
-482 -453
-471 -447
-487 -441
-487 -462
-463 -440
-475 -453
-479 -470
-480 -488
-493 -516
-482 -487
-470 -487
-467 -483
-478 -467
-510 -487
-498 -455
-490 -434
-488 -449
-466 -440
-459 -449
-461 -439
-463 -451
-483 -469
-515 -491
-515 -491
-498 -525
-480 -486
-478 -478
-477 -477
-486 -442
-480 -480
-477 -459
-477 -432
-495 -460
-481 -462
-477 -489
-476 -519
-474 -497
-484 -493
-478 -468
-479 -441
-480 -469
-487 -480
-477 -506
-468 -496
-465 -492
-481 -450
-506 -438
-514 -477
-490 -489
-481 -494
-481 -497
-483 -470
-492 -441
-479 -460
-473 -463
-475 -477
-492 -500
-491 -516
-482 -517
-479 -492
-479 -484
-484 -450
-477 -445
-472 -482
-474 -492
-497 -489
-497 -492
-483 -434
-483 -413
-480 -439
-468 -446
-479 -502
-477 -511
-474 -499
-478 -483
-478 -445
-481 -440
-483 -450
-483 -448
-487 -457
-485 -422
-454 -438
-480 -454
-486 -477
-470 -517
-476 -484
-467 -487
-467 -487
-461 -477
-475 -463
-503 -484
-516 -470
-485 -438
-483 -435
-467 -415
-442 -393
-471 -424
-475 -458
-489 -485
-488 -517
-475 -522
-473 -492
-477 -491
-502 -467
-486 -461
-485 -488
-477 -478
-440 -469
-472 -470
-476 -469
-446 -484
-472 -516
-475 -505
-472 -488
-479 -456
-483 -457
-483 -486
-481 -479
-478 -487
-479 -485
-480 -474
-469 -454
-473 -450
-472 -439
-471 -430
-487 -446
-495 -454
-480 -472
-481 -488
-482 -512
-481 -524
-478 -483
-472 -486
-471 -476
-491 -451
-503 -483
-485 -473
-483 -445
-480 -450
-460 -436
-481 -424
-482 -430
-450 -445
-476 -468
-479 -487
-470 -519
-476 -519
-460 -485
-447 -490
-443 -472
-454 -462
-449 -489
-449 -489
-447 -476
-464 -454
-487 -444
-514 -422
-499 -397
-490 -428
-479 -460
-450 -485
-475 -515
-479 -521
-485 -486
-493 -488
-479 -475
-482 -456
-481 -482
-467 -478
-478 -445
-476 -450
-456 -448
-467 -455
-467 -506
-469 -500
-490 -497
-511 -481
-489 -436
-487 -435
-469 -417
-448 -392
-476 -421
-477 -455
-473 -482
-477 -516
-475 -518
-473 -484
-496 -486
-494 -474
-482 -456
-483 -479
-485 -472
-472 -466
-479 -463
-479 -447
-458 -428
-468 -416
-470 -433
-471 -460
-488 -482
-501 -512
-478 -524
-462 -485
-459 -486
-470 -468
-498 -449
-513 -482
-484 -478
-481 -453
-476 -457
-447 -459
-473 -467
-478 -505
-488 -501
-491 -488
-489 -450
-489 -450
-491 -445
-474 -469
-475 -485
-477 -519
-474 -499
-486 -487
-507 -452
-480 -446
-478 -483
-477 -484
-448 -487
-477 -487
-481 -456
-462 -437
-474 -450
-479 -441
-478 -447
-480 -437
-478 -453
-476 -470
-475 -491
-494 -522
-496 -491
-487 -490
-485 -479
-485 -459
-486 -484
-477 -464
-476 -437
-476 -435
-488 -412
-484 -391
-486 -421
-485 -455
-465 -483
-473 -520
-468 -509
-468 -484
-496 -487
-516 -486
-486 -469
-482 -478
-476 -475
-445 -474
-475 -469
-477 -464
-481 -464
-479 -477
-480 -516
-481 -507
-467 -487
-475 -455
-468 -458
-467 -487
-485 -477
-509 -493
-498 -488
-482 -433
-482 -433
-482 -424
-473 -408
-485 -427
-483 -447
-454 -470
-454 -470
-481 -485
-485 -513
-474 -520
-478 -469
-474 -465
-474 -473
-489 -462
-502 -479
-486 -483
-485 -476
-476 -446
-459 -452
-473 -445
-474 -441
-478 -470
-484 -469
-479 -449
-480 -462
-482 -478
-492 -502
-480 -523
-465 -491
-456 -490
-465 -459
-485 -458
-490 -481
-484 -464
-467 -447
-444 -423
-446 -382
-468 -388
-493 -439
-525 -475
-496 -518
-475 -526
-473 -489
-474 -489
-485 -473
-485 -451
-484 -481
-483 -475
-473 -450
-473 -456
-473 -454
-473 -460
-481 -507
-482 -508
-483 -495
-483 -485
-492 -440
-482 -434
-481 -434
-480 -421
-472 -426
-483 -446
-482 -468
-483 -490
-485 -523
-473 -488
-465 -485
-463 -473
-489 -447
-513 -483
-513 -483
-496 -462
-490 -437
-488 -438
-469 -418
-476 -399
-482 -434
-484 -465
-490 -488
-478 -521
-457 -491
-443 -488
-444 -470
-453 -453
-452 -484
-453 -476
-473 -456
-496 -464
-521 -465
-502 -474
-491 -518
-488 -502
-465 -496
-476 -474
-484 -449
-484 -479
-477 -491
-490 -507
-487 -501
-472 -490
-475 -455
-475 -447
-475 -473
-497 -489
-501 -523
-490 -509
-488 -501
-484 -484
-481 -443
-485 -446
-487 -436
-477 -424
-464 -415
-473 -440
-473 -462
-480 -486
-482 -516
-470 -487
-468 -486
-470 -480
-501 -465
-488 -488
-486 -437
-468 -416
-449 -430
-477 -421
-481 -451
-477 -446
-478 -456
-479 -473
-482 -492
-491 -524
-485 -488
-481 -481
-479 -479
-479 -479
-482 -444
-474 -481
-474 -463
-473 -438
-471 -464
-480 -462
-480 -475
-480 -496
-487 -512
-482 -521
-480 -501
-480 -499
-483 -472
-478 -447
-477 -473
-478 -488
-468 -506
-476 -502
-469 -490
-449 -455
-457 -455
-488 -486
-504 -494
-520 -491
-494 -490
-490 -463
-458 -441
-457 -458
-482 -453
-454 -462
-482 -464
-485 -469
-459 -485
-484 -500
-488 -523
-463 -516
-473 -498
-476 -498
-477 -468
-489 -470
-483 -482
-484 -475
-477 -462
-461 -451
-482 -439
-484 -430
-468 -451
-473 -457
-476 -476
-476 -492
-498 -515
-498 -527
-478 -491
-473 -488
-470 -475
-495 -451
-491 -480
-491 -477
-491 -471
-456 -472
-468 -459
-471 -448
-470 -448
-470 -448
-477 -432
-481 -451
-484 -465
-486 -486
-508 -524
-486 -487
-471 -487
-472 -486
-475 -459
-495 -487
-484 -470
-479 -449
-479 -474
-489 -478
-485 -499
-486 -524
-487 -496
-466 -489
-480 -449
-483 -445
-484 -484
-488 -462
-479 -486
-471 -486
-468 -461
-487 -457
-511 -441
-488 -414
-483 -410
-482 -444
-473 -473
-473 -502
-456 -508
-440 -482
-431 -481
-439 -485
-444 -474
-467 -492
-490 -484
-509 -438
-495 -440
-486 -428
-483 -409
-453 -409
-481 -434
-487 -459
-452 -485
-470 -522
-473 -497
-472 -493
-494 -465
-482 -461
-480 -486
-479 -464
-473 -464
-479 -456
-481 -439
-481 -433
-481 -414
-477 -438
-474 -458
-475 -482
-494 -479
-500 -459
-500 -459
-483 -461
-481 -462
-480 -477
-492 -487
-482 -432
-480 -413
-481 -450
-455 -459
-477 -492
-479 -495
-479 -485
-482 -439
-478 -433
-477 -435
-479 -424
-488 -437
-475 -447
-469 -469
-465 -486
-484 -512
-512 -523
-523 -470
-498 -458
-492 -466
-490 -475
-464 -492
-468 -497
-462 -485
-459 -440
-484 -446
-508 -435
-490 -421
-488 -418
-483 -444
-452 -466
-477 -489
-481 -472
-475 -449
-473 -449
-472 -451
-471 -482
-479 -494
-500 -483
-480 -440
-476 -447
-479 -440
-480 -436
-478 -455
-479 -431
-479 -450
-478 -464
-479 -487
-469 -517
-465 -490
-476 -490
-505 -468
-506 -461
-481 -481
-481 -477
-481 -449
-455 -448
-474 -447
-474 -453
-474 -453
-470 -505
-484 -490
-467 -488
-456 -442
-449 -430
-459 -473
-452 -475
-449 -485
-463 -491
-481 -443
-514 -431
-499 -467
-490 -475
-488 -494
-451 -494
-473 -486
-477 -432
-465 -431
-470 -434
-467 -427
-467 -465
-476 -459
-504 -460
-486 -477
-484 -487
-483 -515
-456 -524
-479 -484
-483 -488
-478 -474
-480 -453
-484 -484
-483 -472
-461 -448
-485 -451
-487 -440
-454 -434
-470 -445
-475 -447
-476 -466
-484 -485
-482 -513
-483 -517
-485 -489
-489 -489
-485 -478
-484 -465
-482 -485
-475 -475
-481 -449
-481 -458
-484 -453
-475 -455
-476 -483
-476 -496
-474 -496
-480 -496
-484 -504
-483 -513
-479 -518
-475 -494
-460 -491
-454 -447
-458 -438
-458 -438
-492 -472
-507 -482
-480 -501
-471 -493
-475 -486
-482 -470
-482 -456
-484 -455
-481 -440
-451 -429
-477 -428
-483 -444
-482 -467
-476 -492
-466 -525
-458 -493
-455 -489
-489 -473
-508 -447
-518 -481
-479 -477
-477 -451
-455 -468
-434 -475
-477 -483
-482 -498
-498 -496
-491 -489
-488 -468
-467 -452
-451 -438
-475 -413
-478 -393
-495 -420
-483 -454
-487 -483
-475 -518
-450 -512
-479 -483
-480 -485
-484 -481
-479 -467
-481 -486
-483 -462
-457 -438
-482 -451
-486 -441
-456 -439
-476 -431
-482 -444
-477 -464
-472 -486
-470 -522
-469 -484
-473 -475
-502 -478
-481 -445
-479 -484
-480 -466
-449 -434
-480 -456
-483 -453
-450 -466
-450 -466
-483 -479
-483 -470
-455 -440
-485 -451
-482 -468
-454 -492
-473 -476
-475 -457
-480 -459
-491 -461
-479 -479
-476 -490
-476 -471
-492 -447
-485 -484
-485 -494
-483 -494
-455 -495
-478 -489
-480 -445
-465 -443
-472 -462
-475 -472
-473 -514
-492 -497
-517 -493
-492 -445
-489 -432
-476 -472
-442 -482
-454 -487
-454 -492
-463 -447
-499 -438
-513 -478
-488 -465
-478 -479
-475 -481
-477 -473
-481 -444
-478 -448
-479 -444
-478 -449
-493 -503
-479 -523
-465 -501
-457 -479
-469 -453
-497 -456
-510 -480
-505 -469
-480 -483
-478 -477
-479 -441
-481 -459
-479 -465
-475 -472
-476 -506
-486 -497
-505 -488
-468 -446
-465 -439
-465 -463
-448 -476
-448 -476
-473 -512
-474 -497
-473 -486
-496 -449
-480 -444
-479 -478
-481 -492
-450 -499
-473 -491
-475 -485
-475 -464
-491 -451
-477 -441
-474 -419
-473 -404
-493 -388
-499 -419
-491 -446
-489 -477
-492 -491
-491 -486
-475 -472
-467 -447
-460 -483
-473 -469
-502 -458
-511 -483
-510 -491
-486 -506
-484 -499
-482 -494
-463 -455
-474 -451
-477 -482
-479 -463
-494 -480
-486 -480
-483 -471
-485 -450
-466 -441
-474 -424
-478 -408
-469 -424
-469 -438
-481 -463
-479 -487
-484 -516
-489 -522
-474 -487
-469 -488
-472 -465
-495 -455
-501 -483
-484 -474
-482 -454
-483 -447
-476 -436
-479 -426
-481 -445
-480 -445
-489 -463
-481 -482
-473 -506
-473 -506
-476 -515
-490 -488
-499 -489
-483 -482
-477 -467
-474 -486
-494 -468
-478 -442
-470 -448
-472 -432
-469 -424
-475 -421
-481 -441
-482 -465
-484 -488
-493 -526
-474 -484
-454 -475
-441 -476
-445 -438
-445 -478
-452 -465
-474 -434
-497 -457
-523 -449
-502 -451
-489 -441
-473 -458
-440 -473
-450 -489
-437 -513
-424 -489
-438 -489
-461 -481
-486 -466
-511 -486
-501 -469
-495 -438
-487 -446
-456 -428
-476 -418
-481 -420
-472 -437
-465 -463
-469 -488
-467 -518
-478 -495
-490 -492
-484 -474
-484 -460
-479 -485
-477 -476
-482 -451
-482 -455
-486 -452
-480 -463
-477 -509
-477 -509
-477 -498
-484 -482
-483 -444
-484 -445
-485 -454
-476 -461
-476 -461
-478 -482
-477 -480
-470 -467
-476 -448
-479 -465
-478 -486
-486 -507
-494 -515
-478 -484
-474 -480
-472 -485
-496 -482
-498 -491
-485 -490
-482 -471
-481 -454
-493 -443
-483 -417
-483 -392
-483 -423
-466 -456
-480 -483
-483 -521
-485 -490
-493 -486
-477 -475
-472 -452
-468 -486
-482 -434
-481 -421
-479 -436
-480 -434
-475 -477
-477 -491
-473 -493
-474 -490
-489 -490
-504 -490
-494 -484
-491 -471
-478 -441
-463 -450
-472 -468
-473 -490
-485 -518
-512 -487
-501 -482
-483 -485
-481 -464
-483 -487
-465 -483
-476 -431
-472 -436
-462 -426
-469 -410
-467 -427
-467 -413
-479 -437
-512 -458
-500 -484
-479 -521
-473 -498
-471 -478
-471 -478
-497 -488
-493 -489
-486 -474
-486 -489
-486 -465
-492 -436
-482 -453
-480 -445
-477 -446
-485 -444
-472 -451
-466 -468
-468 -484
-480 -510
-511 -519
-487 -499
-482 -475
-481 -477
-461 -483
-479 -485
-483 -488
-483 -489
-492 -431
-482 -420
-479 -433
-480 -427
-479 -462
-482 -454
-481 -458
-480 -474
-498 -490
-501 -520
-488 -523
-485 -483
-483 -485
-502 -473
-482 -450
-480 -480
-471 -478
-440 -447
-464 -455
-465 -457
-475 -465
-505 -514
-514 -495
-482 -491
-481 -436
-479 -414
-452 -456
-484 -465
-484 -493
-452 -496
-482 -486
-484 -434
-454 -432
-484 -428
-480 -416
-447 -437
-473 -411
-478 -434
-474 -453
-479 -479
-478 -507
-476 -485
-476 -485
-487 -488
-485 -488
-484 -478
-485 -491
-470 -440
-475 -424
-473 -459
-472 -469
-486 -494
-512 -494
-496 -489
-483 -429
-482 -419
-487 -414
-486 -396
-487 -418
-487 -435
-484 -463
-482 -485
-476 -514
-472 -518
-466 -486
-491 -487
-510 -471
-514 -456
-488 -477
-486 -473
-475 -486
-443 -471
-453 -462
-447 -467
-446 -478
-452 -498
-451 -494
-462 -489
-478 -433
-508 -428
-512 -431
-488 -417
-483 -445
-479 -431
-460 -447
-469 -467
-471 -491
-473 -513
-508 -489
-492 -488
-487 -485
-487 -470
-463 -489
-472 -437
-473 -417
-473 -449
-497 -457
-492 -500
-477 -493
-475 -486
-475 -446
-499 -442
-489 -478
-488 -487
-483 -490
-454 -495
-454 -495
-476 -436
-479 -414
-484 -451
-479 -462
-477 -497
-477 -499
-476 -486
-484 -442
-484 -437
-484 -441
-482 -438
-479 -454
-481 -431
-481 -447
-476 -463
-475 -486
-463 -508
-455 -484
-457 -486
-476 -485
-476 -473
-459 -490
-460 -441
-479 -429
-499 -468
-525 -474
-504 -494
-487 -491
-486 -483
-483 -469
-478 -457
-475 -447
-480 -430
-482 -416
-480 -418
-490 -438
-475 -463
-445 -488
-467 -521
-468 -490
-476 -485
-504 -474
-506 -449
-480 -485
-478 -469
-481 -449
-480 -460
-482 -447
-484 -448
-482 -444
-469 -455
-484 -475
-486 -491
-487 -524
-509 -507
-491 -480
-488 -482
-489 -486
-468 -491
-477 -491
-474 -487
-472 -468
-498 -448
-495 -441
-495 -441
-487 -416
-487 -392
-478 -419
-472 -453
-475 -482
-473 -520
-482 -491
-513 -472
-500 -475
-491 -471
-487 -480
-477 -489
-473 -432
-468 -416
-465 -444
-472 -454
-502 -510
-518 -499
-511 -497
-492 -453
-487 -444
-476 -480
-458 -466
-454 -481
-437 -484
-428 -465
-431 -449
-441 -450
-467 -430
-492 -420
-513 -422
-486 -450
-478 -473
-469 -498
-443 -511
-475 -486
-478 -489
-484 -487
-493 -473
-486 -490
-484 -467
-485 -440
-481 -458
-485 -450
-486 -449
-479 -446
-469 -457
-479 -475
-482 -495
-466 -526
-477 -499
-473 -484
-470 -486
-493 -467
-509 -474
-490 -475
-486 -472
-471 -490
-450 -500
-456 -481
-443 -479
-440 -485
-444 -488
-444 -491
-454 -491
-479 -488
-497 -428
-522 -412
-501 -411
-489 -387
-478 -399
-441 -424
-465 -453
-469 -483
-479 -514
-505 -490
-489 -490
-488 -485
-486 -468
-470 -491
-486 -447
-487 -438
-477 -468
-476 -479
-471 -508
-469 -501
-480 -485
-508 -445
-495 -438
-484 -443
-482 -439
-482 -442
-472 -457
-471 -478
-472 -496
-473 -477
-511 -453
-496 -440
-493 -439
-491 -496
-456 -519
-469 -501
-471 -481
-473 -452
-506 -459
-490 -490
-487 -484
-486 -498
-465 -489
-477 -441
-480 -445
-478 -442
-497 -437
-483 -461
-481 -450
-483 -454
-450 -470
-475 -492
-477 -523
-480 -512
-497 -495
-479 -495
-475 -469
-471 -474
-490 -484
-496 -472
-482 -456
-480 -443
-480 -443
-481 -424
-493 -408
-476 -418
-477 -443
-476 -468
-463 -495
-477 -520
-468 -494
-459 -492
-466 -470
-466 -458
-461 -483
-478 -479
-496 -450
-519 -447
-511 -433
-492 -418
-486 -440
-481 -450
-475 -471
-478 -491
-480 -517
-486 -515
-510 -485
-492 -488
-490 -485
-478 -470
-446 -488
-466 -458
-467 -439
-476 -461
-479 -459
-475 -472
-474 -475
-472 -450
-481 -451
-478 -470
-479 -488
-481 -520
-508 -512
-490 -480
-486 -483
-485 -488
-464 -465
-472 -485
-472 -467
-474 -431
-496 -446
-501 -436
-485 -429
-487 -426
-484 -442
-466 -463
-483 -486
-481 -521
-465 -478
-470 -459
-454 -465
-433 -467
-425 -478
-444 -486
-472 -424
-494 -399
-494 -399
-520 -420
-504 -413
-485 -444
-481 -430
-477 -448
-479 -464
-471 -488
-467 -507
-465 -482
-486 -483
-501 -487
-507 -471
-513 -486
-498 -464
-483 -429
-482 -442
-483 -427
-476 -413
-478 -432
-478 -461
-476 -483
-500 -513
-497 -524
-475 -476
-462 -472
-452 -478
-455 -446
-450 -482
-458 -479
-475 -434
-497 -445
-525 -435
-497 -422
-488 -424
-475 -444
-440 -468
-461 -488
-464 -517
-472 -492
-505 -487
-510 -469
-481 -454
-480 -475
-479 -471
-459 -488
-482 -469
-484 -462
-484 -470
-480 -477
-477 -492
-478 -499
-483 -469
-491 -438
-486 -455
-484 -450
-483 -458
-487 -457
-479 -460
-476 -477
-476 -485
-497 -502
-502 -503
-483 -488
-482 -488
-482 -488
-482 -489
-487 -485
-474 -474
-478 -458
-475 -466
-454 -491
-488 -518
-482 -524
-452 -507
-483 -490
-484 -443
-464 -442
-482 -451
-485 -446
-486 -466
-484 -446
-481 -457
-482 -472
-481 -492
-497 -524
-473 -492
-470 -493
-468 -477
-471 -463
-486 -492
-487 -446
-485 -438
-455 -451
-478 -452
-481 -496
-462 -522
-477 -502
-477 -496
-476 -479
-496 -441
-491 -448
-486 -436
-489 -429
-470 -426
-474 -446
-476 -468
-477 -491
-497 -515
-514 -486
-489 -481
-483 -486
-474 -475
-451 -492
-469 -490
-471 -468
-481 -454
-509 -438
-484 -408
-480 -415
-466 -455
-439 -487
-461 -519
-456 -484
-454 -477
-456 -478
-463 -451
-481 -487
-501 -488
-501 -488
-525 -467
-504 -460
-488 -441
-486 -410
-458 -412
-480 -452
-487 -483
-485 -517
-497 -488
-475 -459
-456 -455
-434 -461
-425 -491
-440 -494
-464 -486
-491 -446
-516 -442
-504 -453
-495 -447
-488 -457
-454 -459
-478 -476
-484 -492
-454 -516
-471 -527
-468 -490
-465 -491
-496 -464
-514 -456
-493 -485
-489 -467
-489 -457
-455 -438
-471 -408
-476 -378
-477 -415
-486 -449
-477 -480
-473 -514
-473 -490
-496 -488
-504 -476
-482 -457
-479 -480
-480 -471
-469 -439
-481 -448
-483 -440
-483 -436
-488 -460
-482 -442
-479 -452
-477 -467
-497 -487
-494 -523
-473 -486
-465 -479
-459 -478
-475 -445
-485 -479
-476 -426
-457 -403
-457 -432
-479 -441
-479 -441
-499 -501
-522 -509
-531 -499
-492 -492
-483 -438
-483 -432
-453 -443
-475 -443
-483 -497
-485 -522
-507 -492
-485 -489
-475 -441
-474 -421
-481 -461
-506 -471
-484 -496
-470 -493
-468 -486
-475 -458
-509 -448
-497 -445
-489 -423
-486 -407
-478 -432
-471 -459
-460 -485
-449 -519
-433 -483
-439 -479
-452 -471
-475 -445
-498 -482
-526 -467
-497 -435
-482 -435
-477 -405
-445 -374
-469 -415
-476 -448
-480 -481
-511 -508
-496 -483
-482 -480
-482 -483
-480 -476
-484 -486
-480 -484
-480 -465
-479 -451
-483 -437
-478 -405
-473 -374
-475 -414
-495 -446
-491 -481
-484 -513
-481 -490
-482 -488
-506 -471
-485 -456
-483 -472
-486 -470
-486 -470
-459 -483
-487 -469
-492 -458
-463 -462
-475 -470
-477 -492
-479 -494
-499 -490
-487 -463
-486 -452
-473 -447
-446 -428
-461 -418
-462 -436
-476 -464
-507 -484
-505 -514
-481 -526
-474 -481
-475 -482
-492 -472
-483 -450
-479 -486
-479 -465
-456 -448
-468 -456
-474 -444
-474 -445
-490 -440
-486 -453
-485 -472
-485 -489
-466 -521
-477 -500
-478 -475
-480 -481
-505 -487
-483 -488
-468 -490
-467 -484
-470 -478
-493 -450
-486 -443
-482 -426
-479 -407
-484 -427
-480 -442
-478 -468
-478 -484
-489 -511
-489 -519
-482 -502
-485 -475
-481 -483
-505 -485
-485 -458
-475 -486
-476 -434
-480 -405
-487 -424
-482 -413
-483 -439
-483 -428
-494 -448
-494 -448
-481 -465
-472 -487
-468 -514
-478 -486
-503 -488
-513 -482
-511 -463
-487 -484
-484 -468
-474 -437
-446 -447
-458 -433
-453 -421
-456 -418
-476 -441
-474 -461
-474 -486
-491 -513
-506 -486
-527 -485
-515 -489
-488 -470
-484 -491
-481 -475
-479 -432
-476 -440
-475 -422
-474 -407
-496 -395
-485 -427
-480 -453
-484 -480
-478 -509
-483 -487
-475 -489
-475 -483
-481 -475
-509 -486
-494 -473
-488 -444
-473 -458
-446 -455
-467 -465
-471 -504
-488 -523
-513 -490
-517 -484
-490 -436
-485 -414
-464 -455
-443 -464
-464 -488
-467 -491
-489 -485
-512 -459
-490 -450
-490 -447
-470 -430
-454 -426
-480 -411
-481 -434
-482 -457
-476 -484
-476 -484
-465 -512
-461 -487
-473 -486
-491 -481
-499 -465
-498 -484
-502 -462
-508 -436
-506 -447
-477 -429
-476 -415
-476 -442
-447 -469
-468 -491
-468 -523
-473 -489
-509 -484
-498 -483
-489 -449
-482 -484
-485 -455
-486 -431
-480 -456
-478 -454
-477 -472
-501 -483
-486 -465
-486 -463
-482 -480
-461 -489
-469 -511
-464 -517
-457 -496
-461 -469
-460 -465
-463 -468
-481 -488
-500 -522
-527 -505
-531 -492
-494 -484
-487 -476
-458 -468
-449 -452
-478 -432
-484 -415
-489 -411
-481 -437
-481 -465
-479 -485
-498 -524
-489 -506
-474 -480
-468 -486
-474 -488
-501 -477
-517 -491
-488 -481
-484 -436
-475 -443
-442 -434
-472 -419
-474 -431
-474 -445
-474 -445
-479 -467
-478 -478
-476 -494
-482 -488
-482 -453
-472 -451
-475 -477
-478 -503
-507 -536
-498 -518
-476 -500
-466 -468
-455 -438
-469 -456
-467 -459
-463 -479
-479 -509
-498 -526
-523 -504
-528 -498
-504 -489
-489 -435
-455 -438
-462 -430
-481 -419
-473 -442
-480 -414
-481 -438
-480 -455
-491 -480
-488 -518
-474 -488
-471 -487
-472 -469
-500 -457
-495 -472
-484 -471
-484 -489
-485 -492
-482 -474
-490 -461
-490 -456
-473 -469
-473 -484
-466 -477
-462 -447
-477 -451
-504 -468
-516 -485
-500 -512
-476 -513
-471 -508
-466 -494
-487 -483
-512 -491
-503 -496
-480 -490
-471 -495
-473 -489
-484 -471
-508 -454
-480 -436
-474 -398
-474 -400
-476 -400
-445 -446
-469 -479
-473 -517
-478 -490
-510 -461
-492 -455
-491 -461
-467 -503
-447 -491
-469 -489
-469 -434
-490 -412
-514 -445
-492 -456
-488 -509
-487 -492
-450 -487
-467 -444
-474 -428
-474 -471